0.508635 0.235705 0.272931 0.417719 0.200718 0.217001 0.426607 0.206750 0.219857 1 MPNN
0.321587 0.156464 0.165123 0.344906 0.189680 0.155225 0.357561 0.194648 0.162913 2 MPNN
0.255049 0.112771 0.142278 0.370160 0.211238 0.158922 0.380596 0.215620 0.164976 3 MPNN
0.198999 0.086599 0.112400 0.386068 0.230261 0.155808 0.394721 0.232564 0.162157 4 MPNN
0.166556 0.070357 0.096199 0.387859 0.234246 0.153613 0.400455 0.236747 0.163709 5 MPNN
0.134861 0.055097 0.079764 0.332205 0.178841 0.153364 0.346597 0.184731 0.161866 6 MPNN
0.109107 0.044827 0.064280 0.419567 0.236960 0.182607 0.429309 0.242245 0.187065 7 MPNN
0.084819 0.034099 0.050720 0.367699 0.207403 0.160296 0.380202 0.213442 0.166760 8 MPNN
0.077677 0.031004 0.046673 0.351375 0.199969 0.151406 0.366099 0.206307 0.159792 9 MPNN
0.075997 0.030594 0.045403 0.346018 0.194420 0.151597 0.360054 0.199651 0.160403 10 MPNN
0.067022 0.026905 0.040117 0.366906 0.205714 0.161192 0.385635 0.210804 0.174831 11 MPNN
0.064927 0.025844 0.039083 0.337566 0.180165 0.157401 0.349721 0.186740 0.162981 12 MPNN
0.062403 0.024751 0.037652 0.351873 0.199131 0.152742 0.367700 0.204290 0.163409 13 MPNN
0.058352 0.022748 0.035605 0.343414 0.190780 0.152634 0.359237 0.197661 0.161576 14 MPNN
0.060655 0.023518 0.037137 0.332461 0.179000 0.153462 0.347720 0.185954 0.161766 15 MPNN
0.061986 0.023944 0.038041 0.331900 0.177147 0.154753 0.344267 0.183907 0.160360 16 MPNN
0.059354 0.022667 0.036686 0.337212 0.185014 0.152198 0.351429 0.191780 0.159649 17 MPNN
0.055521 0.021269 0.034251 0.339726 0.186564 0.153161 0.356406 0.192541 0.163866 18 MPNN
0.055019 0.020823 0.034197 0.341893 0.188482 0.153412 0.355110 0.194885 0.160224 19 MPNN
0.053072 0.019822 0.033250 0.343792 0.185263 0.158528 0.361958 0.191377 0.170581 20 MPNN
0.052296 0.019398 0.032899 0.344115 0.188291 0.155824 0.358594 0.194554 0.164040 21 MPNN
0.051058 0.019034 0.032024 0.376902 0.207169 0.169732 0.393815 0.212549 0.181266 22 MPNN
0.051051 0.018964 0.032087 0.343043 0.187030 0.156012 0.361172 0.194192 0.166980 23 MPNN
0.050452 0.018367 0.032085 0.341641 0.183235 0.158406 0.359983 0.190586 0.169396 24 MPNN
0.050191 0.018244 0.031947 0.351607 0.200081 0.151526 0.366185 0.205999 0.160186 25 MPNN
0.048698 0.017818 0.030880 0.337423 0.181226 0.156197 0.356060 0.187657 0.168403 26 MPNN
0.058749 0.021613 0.037136 0.345910 0.189122 0.156788 0.355402 0.193075 0.162327 27 MPNN
0.051112 0.018663 0.032449 0.343653 0.191087 0.152566 0.360054 0.196824 0.163230 28 MPNN
0.048048 0.017402 0.030646 0.364026 0.196295 0.167731 0.381061 0.203123 0.177938 29 MPNN
0.049831 0.018099 0.031733 0.342045 0.183039 0.159007 0.359686 0.190360 0.169326 30 MPNN
0.046728 0.016702 0.030025 0.343249 0.184959 0.158289 0.355491 0.191456 0.164036 31 MPNN
0.047317 0.017009 0.030308 0.371090 0.205354 0.165736 0.382653 0.211499 0.171154 32 MPNN
0.047942 0.017223 0.030720 0.372755 0.196591 0.176164 0.389922 0.202774 0.187148 33 MPNN
0.049661 0.017827 0.031834 0.364480 0.189084 0.175395 0.381790 0.195772 0.186018 34 MPNN
0.045644 0.016274 0.029370 0.329755 0.177293 0.152462 0.347249 0.184581 0.162667 35 MPNN
0.046666 0.016752 0.029914 0.342066 0.186256 0.155810 0.360290 0.192409 0.167881 36 MPNN
0.047518 0.017249 0.030268 0.336082 0.179471 0.156611 0.354274 0.186893 0.167382 37 MPNN
0.045468 0.016291 0.029177 0.340261 0.184829 0.155432 0.353372 0.191358 0.162013 38 MPNN
0.046451 0.016629 0.029822 0.369289 0.194507 0.174782 0.386419 0.200335 0.186084 39 MPNN
0.044981 0.016032 0.028949 0.357189 0.186229 0.170960 0.376075 0.193379 0.182696 40 MPNN
0.044656 0.015957 0.028699 0.346427 0.189972 0.156455 0.358237 0.196178 0.162059 41 MPNN
0.045836 0.016315 0.029521 0.358096 0.185425 0.172671 0.375194 0.192230 0.182963 42 MPNN
0.044858 0.015986 0.028872 0.333405 0.178358 0.155047 0.352550 0.185598 0.166953 43 MPNN
0.044833 0.015959 0.028875 0.330626 0.179104 0.151522 0.347366 0.186094 0.161272 44 MPNN
0.044890 0.015944 0.028946 0.334059 0.178637 0.155422 0.353291 0.185923 0.167368 45 MPNN
0.044195 0.015695 0.028500 0.342522 0.182193 0.160329 0.361043 0.189329 0.171714 46 MPNN
0.044507 0.015983 0.028524 0.331021 0.176515 0.154506 0.343855 0.182955 0.160900 47 MPNN
0.043895 0.015580 0.028316 0.327426 0.175911 0.151514 0.343263 0.182707 0.160556 48 MPNN
0.044810 0.015951 0.028859 0.330295 0.176729 0.153566 0.347769 0.183534 0.164235 49 MPNN
0.046353 0.016537 0.029816 0.338409 0.184256 0.154153 0.351577 0.190339 0.161237 50 MPNN
0.045518 0.016318 0.029200 0.344864 0.184538 0.160326 0.363562 0.191976 0.171585 51 MPNN
0.045045 0.016068 0.028976 0.334146 0.182056 0.152091 0.350299 0.189228 0.161071 52 MPNN
0.044031 0.015571 0.028460 0.340216 0.178277 0.161938 0.359071 0.185718 0.173353 53 MPNN
0.044428 0.015764 0.028664 0.341753 0.183484 0.158269 0.361244 0.190342 0.170902 54 MPNN
0.045027 0.015878 0.029149 0.357749 0.187952 0.169797 0.377372 0.195133 0.182239 55 MPNN
0.044283 0.015757 0.028525 0.385445 0.201245 0.184200 0.403002 0.207611 0.195391 56 MPNN
0.045492 0.016147 0.029345 0.335008 0.177434 0.157574 0.353527 0.184902 0.168625 57 MPNN
0.042773 0.015042 0.027731 0.331808 0.177827 0.153981 0.350766 0.185329 0.165437 58 MPNN
0.044027 0.015481 0.028546 0.332399 0.178282 0.154117 0.345368 0.184531 0.160837 59 MPNN
0.043402 0.015351 0.028051 0.331176 0.179572 0.151605 0.347885 0.186323 0.161562 60 MPNN
0.042389 0.014951 0.027438 0.328222 0.176434 0.151787 0.345558 0.183396 0.162162 61 MPNN
0.044295 0.015795 0.028499 0.358398 0.184992 0.173405 0.379352 0.192480 0.186872 62 MPNN
0.044712 0.015815 0.028897 0.337690 0.183631 0.154059 0.351167 0.190152 0.161014 63 MPNN
0.042869 0.015260 0.027609 0.344610 0.185272 0.159338 0.361596 0.192569 0.169027 64 MPNN
0.042439 0.015011 0.027428 0.331869 0.179531 0.152338 0.346044 0.186000 0.160044 65 MPNN
0.043012 0.015200 0.027812 0.349874 0.182610 0.167264 0.369719 0.190054 0.179665 66 MPNN
0.043335 0.015327 0.028008 0.347331 0.181815 0.165516 0.367733 0.189274 0.178459 67 MPNN
0.042758 0.015086 0.027672 0.331872 0.179550 0.152322 0.349801 0.186640 0.163162 68 MPNN
0.043312 0.015326 0.027986 0.352905 0.182985 0.169921 0.372814 0.190431 0.182383 69 MPNN
0.042673 0.014911 0.027761 0.347922 0.180461 0.167460 0.367110 0.187833 0.179277 70 MPNN
0.042032 0.014703 0.027330 0.326803 0.174148 0.152655 0.345119 0.181366 0.163754 71 MPNN
0.042478 0.014969 0.027508 0.336007 0.176946 0.159062 0.356167 0.184522 0.171645 72 MPNN
0.042439 0.014877 0.027561 0.332857 0.178120 0.154736 0.351843 0.185147 0.166695 73 MPNN
0.041409 0.014535 0.026874 0.328642 0.175306 0.153336 0.346838 0.182179 0.164660 74 MPNN
0.042885 0.014994 0.027891 0.328635 0.176720 0.151915 0.343064 0.183170 0.159894 75 MPNN
0.042348 0.014824 0.027524 0.332615 0.175325 0.157290 0.352637 0.182887 0.169751 76 MPNN
0.042227 0.014902 0.027325 0.330609 0.178625 0.151984 0.345002 0.184977 0.160025 77 MPNN
0.042426 0.014985 0.027440 0.330638 0.179226 0.151412 0.345822 0.185865 0.159957 78 MPNN
0.042335 0.014943 0.027392 0.330313 0.175319 0.154994 0.349554 0.182549 0.167005 79 MPNN
0.042453 0.014881 0.027571 0.333712 0.176170 0.157542 0.353773 0.183738 0.170035 80 MPNN
0.042769 0.014999 0.027771 0.332366 0.177968 0.154398 0.351172 0.184912 0.166260 81 MPNN
0.041969 0.014774 0.027195 0.339933 0.178919 0.161014 0.360532 0.186456 0.174077 82 MPNN
0.042086 0.014765 0.027320 0.330117 0.176978 0.153139 0.347961 0.183711 0.164250 83 MPNN
0.041142 0.014505 0.026638 0.328295 0.174466 0.153828 0.347128 0.181622 0.165507 84 MPNN
0.041030 0.014426 0.026604 0.326472 0.174202 0.152270 0.344400 0.181208 0.163192 85 MPNN
0.041474 0.014507 0.026967 0.330725 0.177330 0.153395 0.348879 0.184085 0.164794 86 MPNN
0.042663 0.015084 0.027579 0.372483 0.190903 0.181580 0.392771 0.198047 0.194724 87 MPNN
0.043926 0.015532 0.028395 0.325112 0.173295 0.151817 0.342292 0.180139 0.162153 88 MPNN
0.041717 0.014593 0.027124 0.345456 0.180330 0.165126 0.365733 0.187785 0.177948 89 MPNN
0.041581 0.014668 0.026912 0.326639 0.174341 0.152299 0.344748 0.181522 0.163226 90 MPNN
0.041777 0.014511 0.027266 0.326205 0.174461 0.151744 0.342404 0.181064 0.161340 91 MPNN
0.041349 0.014466 0.026884 0.334618 0.179033 0.155586 0.353843 0.186034 0.167809 92 MPNN
0.041137 0.014510 0.026627 0.325550 0.173701 0.151849 0.342302 0.180380 0.161922 93 MPNN
0.041425 0.014431 0.026994 0.330123 0.175652 0.154472 0.349227 0.182953 0.166275 94 MPNN
0.041208 0.014474 0.026734 0.325428 0.174233 0.151196 0.340989 0.180857 0.160132 95 MPNN
0.041367 0.014529 0.026838 0.327003 0.174213 0.152790 0.345302 0.181262 0.164039 96 MPNN
0.040650 0.014208 0.026443 0.324786 0.173671 0.151115 0.341058 0.180466 0.160592 97 MPNN
0.041342 0.014538 0.026804 0.326696 0.175154 0.151542 0.343237 0.181858 0.161379 98 MPNN
0.040776 0.014331 0.026445 0.328404 0.175936 0.152468 0.346493 0.182961 0.163532 99 MPNN
0.041579 0.014583 0.026996 0.337096 0.178954 0.158141 0.356698 0.185836 0.170862 100 MPNN
0.041115 0.014393 0.026722 0.327201 0.173984 0.153217 0.345586 0.181003 0.164582 101 MPNN
0.040430 0.014090 0.026341 0.333066 0.178467 0.154599 0.351781 0.185301 0.166479 102 MPNN
0.040474 0.014154 0.026321 0.326997 0.173978 0.153019 0.345588 0.181208 0.164380 103 MPNN
0.041245 0.014495 0.026751 0.333111 0.178251 0.154860 0.351865 0.185097 0.166769 104 MPNN
0.040918 0.014327 0.026590 0.330106 0.178428 0.151678 0.344690 0.184731 0.159959 105 MPNN
0.041016 0.014436 0.026580 0.325558 0.173858 0.151699 0.340570 0.180323 0.160247 106 MPNN
0.040267 0.014040 0.026227 0.326782 0.173871 0.152911 0.345239 0.181010 0.164229 107 MPNN
0.040088 0.013961 0.026127 0.329451 0.175713 0.153738 0.348022 0.182664 0.165358 108 MPNN
0.040350 0.014073 0.026277 0.328941 0.174470 0.154472 0.348023 0.181691 0.166331 109 MPNN
0.040701 0.014255 0.026446 0.325331 0.173877 0.151453 0.342683 0.180854 0.161829 110 MPNN
0.040542 0.014115 0.026428 0.330037 0.177264 0.152773 0.347929 0.184059 0.163870 111 MPNN
0.040330 0.014065 0.026265 0.325040 0.173368 0.151672 0.339898 0.179841 0.160057 112 MPNN
0.040321 0.014065 0.026256 0.325625 0.174192 0.151434 0.340932 0.180690 0.160242 113 MPNN
0.040618 0.014290 0.026328 0.332519 0.177072 0.155447 0.351744 0.184125 0.167619 114 MPNN
0.040904 0.014373 0.026531 0.327516 0.175568 0.151948 0.344685 0.182317 0.162368 115 MPNN
0.041031 0.014302 0.026729 0.335306 0.177450 0.157856 0.355236 0.184689 0.170546 116 MPNN
0.040386 0.014071 0.026315 0.324736 0.173215 0.151521 0.339478 0.179723 0.159755 117 MPNN
0.040404 0.014123 0.026280 0.332870 0.175564 0.157307 0.352956 0.183043 0.169913 118 MPNN
0.039917 0.013966 0.025951 0.326436 0.174938 0.151498 0.342997 0.181592 0.161405 119 MPNN
0.040343 0.014071 0.026272 0.327688 0.174640 0.153048 0.345426 0.181352 0.164074 120 MPNN
0.040644 0.014111 0.026533 0.324335 0.173242 0.151093 0.340732 0.180033 0.160699 121 MPNN
0.039610 0.013878 0.025733 0.324485 0.173162 0.151323 0.339614 0.179692 0.159922 122 MPNN
0.040811 0.014241 0.026570 0.325394 0.173587 0.151807 0.342748 0.180455 0.162293 123 MPNN
0.040115 0.014024 0.026091 0.330757 0.175692 0.155065 0.349914 0.182857 0.167057 124 MPNN
0.040081 0.014016 0.026065 0.325525 0.174404 0.151121 0.340588 0.181018 0.159570 125 MPNN
0.040107 0.014071 0.026036 0.328290 0.175522 0.152769 0.346412 0.182441 0.163971 126 MPNN
0.040669 0.014276 0.026393 0.326186 0.175002 0.151184 0.342090 0.181600 0.160490 127 MPNN
0.039997 0.013965 0.026031 0.324917 0.173655 0.151262 0.341027 0.180318 0.160709 128 MPNN
0.040687 0.014136 0.026551 0.327456 0.176187 0.151269 0.342050 0.182607 0.159442 129 MPNN
0.040371 0.014225 0.026146 0.325696 0.174357 0.151338 0.342762 0.181188 0.161574 130 MPNN
0.040143 0.014032 0.026111 0.331541 0.177016 0.154525 0.350349 0.183937 0.166412 131 MPNN
0.039879 0.013951 0.025928 0.325028 0.173499 0.151529 0.341419 0.180131 0.161288 132 MPNN
0.039470 0.013764 0.025706 0.325579 0.174008 0.151571 0.342615 0.180814 0.161801 133 MPNN
0.039470 0.013808 0.025662 0.329184 0.176504 0.152680 0.346928 0.183223 0.163705 134 MPNN
0.039881 0.013924 0.025958 0.332739 0.175983 0.156756 0.352425 0.183238 0.169187 135 MPNN
0.039769 0.013831 0.025938 0.325600 0.173700 0.151900 0.342779 0.180445 0.162334 136 MPNN
0.039411 0.013736 0.025675 0.326464 0.175154 0.151310 0.341304 0.181631 0.159673 137 MPNN
0.039527 0.013709 0.025818 0.326006 0.174413 0.151593 0.342071 0.181006 0.161064 138 MPNN
0.039348 0.013723 0.025625 0.325625 0.174021 0.151604 0.342701 0.180750 0.161952 139 MPNN
0.039659 0.013824 0.025834 0.325731 0.174198 0.151533 0.342089 0.180885 0.161204 140 MPNN
0.039462 0.013774 0.025688 0.325382 0.173631 0.151751 0.342671 0.180411 0.162260 141 MPNN
0.040175 0.014084 0.026091 0.331750 0.178610 0.153141 0.349726 0.185164 0.164561 142 MPNN
0.039553 0.013801 0.025752 0.325304 0.173769 0.151534 0.341677 0.180473 0.161204 143 MPNN
0.039322 0.013710 0.025612 0.326341 0.174881 0.151460 0.343183 0.181591 0.161591 144 MPNN
0.039669 0.013776 0.025892 0.325422 0.174340 0.151082 0.340866 0.180871 0.159995 145 MPNN
0.040130 0.013943 0.026187 0.331760 0.179238 0.152521 0.349323 0.185766 0.163557 146 MPNN
0.039370 0.013776 0.025594 0.330280 0.176883 0.153398 0.348554 0.183647 0.164907 147 MPNN
0.039614 0.013749 0.025865 0.324256 0.173165 0.151091 0.339540 0.179754 0.159785 148 MPNN
0.039361 0.013736 0.025625 0.325553 0.174525 0.151028 0.341817 0.181218 0.160599 149 MPNN
0.039427 0.013791 0.025637 0.325970 0.173600 0.152369 0.343600 0.180447 0.163154 150 MPNN
0.039287 0.013689 0.025598 0.325230 0.173855 0.151375 0.341821 0.180581 0.161240 151 MPNN
0.039021 0.013605 0.025416 0.325171 0.173506 0.151665 0.341818 0.180247 0.161571 152 MPNN
0.039170 0.013614 0.025556 0.325592 0.173771 0.151821 0.342920 0.180597 0.162323 153 MPNN
0.039178 0.013626 0.025553 0.325361 0.174217 0.151144 0.340928 0.180789 0.160139 154 MPNN
0.039106 0.013572 0.025534 0.324673 0.173114 0.151559 0.340884 0.179748 0.161136 155 MPNN
0.038986 0.013592 0.025394 0.327252 0.174407 0.152846 0.345228 0.181335 0.163893 156 MPNN
0.039058 0.013585 0.025473 0.326915 0.174749 0.152166 0.343506 0.181312 0.162194 157 MPNN
0.039092 0.013597 0.025495 0.324865 0.173397 0.151468 0.341026 0.180032 0.160993 158 MPNN
0.039068 0.013646 0.025422 0.325711 0.174492 0.151218 0.340696 0.180991 0.159705 159 MPNN
0.039238 0.013715 0.025523 0.325765 0.174604 0.151161 0.341659 0.181199 0.160460 160 MPNN
0.039396 0.013703 0.025694 0.324537 0.173123 0.151414 0.341503 0.179934 0.161569 161 MPNN
0.039026 0.013565 0.025461 0.326082 0.174599 0.151483 0.342585 0.181286 0.161300 162 MPNN
0.038957 0.013598 0.025359 0.325928 0.174893 0.151036 0.340859 0.181428 0.159431 163 MPNN
0.039150 0.013651 0.025499 0.327922 0.175463 0.152459 0.345666 0.182217 0.163449 164 MPNN
0.039135 0.013605 0.025530 0.324576 0.173449 0.151127 0.340643 0.180105 0.160538 165 MPNN
0.039336 0.013678 0.025658 0.326644 0.175008 0.151636 0.343260 0.181673 0.161587 166 MPNN
0.038993 0.013536 0.025457 0.325305 0.173926 0.151379 0.340897 0.180453 0.160444 167 MPNN
0.533507 0.242564 0.290943 0.559087 0.260803 0.298284 0.570271 0.268338 0.301933 1 MPNN_SenderAggr
0.434589 0.197567 0.237022 0.658925 0.306066 0.352860 0.671227 0.314543 0.356684 2 MPNN_SenderAggr
0.229730 0.100310 0.129420 0.642216 0.286357 0.355858 0.640904 0.288444 0.352459 3 MPNN_SenderAggr
0.136796 0.058526 0.078270 0.589180 0.270851 0.318329 0.595108 0.275152 0.319955 4 MPNN_SenderAggr
0.107462 0.045331 0.062131 0.610340 0.280348 0.329992 0.625771 0.288405 0.337366 5 MPNN_SenderAggr
0.113080 0.046161 0.066919 0.597236 0.272262 0.324974 0.599185 0.275294 0.323890 6 MPNN_SenderAggr
0.090874 0.036753 0.054120 0.558289 0.259132 0.299157 0.570133 0.266405 0.303728 7 MPNN_SenderAggr
0.083348 0.033529 0.049820 0.593954 0.269029 0.324926 0.594596 0.271749 0.322847 8 MPNN_SenderAggr
0.082379 0.032288 0.050091 0.632376 0.285090 0.347286 0.630224 0.286220 0.344004 9 MPNN_SenderAggr
0.078434 0.030766 0.047668 0.598669 0.271957 0.326711 0.599514 0.274605 0.324908 10 MPNN_SenderAggr
0.073902 0.028947 0.044955 0.583964 0.265993 0.317971 0.586370 0.269464 0.316907 11 MPNN_SenderAggr
0.073925 0.028309 0.045616 0.566800 0.262843 0.303957 0.576005 0.268411 0.307594 12 MPNN_SenderAggr
0.066512 0.025574 0.040937 0.554082 0.256871 0.297211 0.564765 0.263423 0.301342 13 MPNN_SenderAggr
0.069823 0.026288 0.043535 0.619610 0.279769 0.339841 0.618196 0.281306 0.336890 14 MPNN_SenderAggr
0.076265 0.028893 0.047372 0.623854 0.284064 0.339790 0.641315 0.293203 0.348112 15 MPNN_SenderAggr
0.068628 0.025709 0.042919 0.574827 0.264112 0.310715 0.579635 0.268209 0.311426 16 MPNN_SenderAggr
0.062549 0.023585 0.038963 0.553558 0.256416 0.297141 0.564824 0.263123 0.301702 17 MPNN_SenderAggr
0.062548 0.023376 0.039172 0.558983 0.258487 0.300496 0.567837 0.264144 0.303693 18 MPNN_SenderAggr
0.060725 0.022530 0.038195 0.555258 0.256352 0.298906 0.566047 0.262866 0.303181 19 MPNN_SenderAggr
0.068886 0.025396 0.043490 0.625987 0.285592 0.340394 0.643806 0.294748 0.349057 20 MPNN_SenderAggr
0.065138 0.024124 0.041014 0.566680 0.260247 0.306434 0.572455 0.264840 0.307615 21 MPNN_SenderAggr
0.061815 0.022725 0.039089 0.553959 0.256351 0.297608 0.564339 0.262758 0.301581 22 MPNN_SenderAggr
0.061477 0.022493 0.038984 0.574913 0.263393 0.311520 0.589511 0.271425 0.318087 23 MPNN_SenderAggr
0.059620 0.021826 0.037794 0.558131 0.257910 0.300220 0.569425 0.264673 0.304752 24 MPNN_SenderAggr
0.056844 0.020793 0.036050 0.562665 0.259433 0.303232 0.574985 0.266564 0.308421 25 MPNN_SenderAggr
0.057338 0.020841 0.036497 0.556858 0.257084 0.299773 0.568218 0.263951 0.304267 26 MPNN_SenderAggr
0.058221 0.021100 0.037121 0.560011 0.258424 0.301587 0.568372 0.263960 0.304413 27 MPNN_SenderAggr
0.061618 0.022355 0.039263 0.574324 0.263249 0.311075 0.578550 0.267186 0.311364 28 MPNN_SenderAggr
0.056983 0.020897 0.036086 0.556819 0.256712 0.300107 0.565042 0.262229 0.302814 29 MPNN_SenderAggr
0.057463 0.020835 0.036628 0.573975 0.263213 0.310762 0.578737 0.267402 0.311335 30 MPNN_SenderAggr
0.058336 0.021290 0.037046 0.568980 0.261829 0.307152 0.582580 0.269485 0.313095 31 MPNN_SenderAggr
0.058300 0.021206 0.037094 0.559798 0.257712 0.302086 0.567343 0.262913 0.304430 32 MPNN_SenderAggr
0.054874 0.019987 0.034886 0.552957 0.255780 0.297177 0.562726 0.261982 0.300744 33 MPNN_SenderAggr
0.054495 0.019906 0.034589 0.553418 0.256091 0.297327 0.563951 0.262613 0.301338 34 MPNN_SenderAggr
0.054243 0.019768 0.034476 0.563277 0.259396 0.303882 0.576390 0.266987 0.309403 35 MPNN_SenderAggr
0.054600 0.019892 0.034708 0.554351 0.256291 0.298060 0.565361 0.263036 0.302324 36 MPNN_SenderAggr
0.055047 0.020057 0.034990 0.563417 0.259358 0.304059 0.577065 0.267135 0.309930 37 MPNN_SenderAggr
0.057277 0.020841 0.036436 0.584557 0.266073 0.318484 0.586422 0.269206 0.317216 38 MPNN_SenderAggr
0.055699 0.020404 0.035296 0.557608 0.257483 0.300124 0.566336 0.263153 0.303183 39 MPNN_SenderAggr
0.053001 0.019448 0.033552 0.561605 0.258954 0.302650 0.573982 0.266240 0.307741 40 MPNN_SenderAggr
0.056392 0.020694 0.035698 0.565796 0.259904 0.305892 0.579565 0.267810 0.311755 41 MPNN_SenderAggr
0.056817 0.020761 0.036055 0.553156 0.256058 0.297099 0.563523 0.262562 0.300961 42 MPNN_SenderAggr
0.055273 0.020375 0.034898 0.569737 0.261715 0.308022 0.583477 0.269571 0.313906 43 MPNN_SenderAggr
0.055533 0.020430 0.035103 0.561090 0.258647 0.302444 0.573057 0.265797 0.307260 44 MPNN_SenderAggr
0.052786 0.019502 0.033284 0.553078 0.255745 0.297333 0.563670 0.262285 0.301385 45 MPNN_SenderAggr
0.052150 0.019287 0.032863 0.558201 0.257485 0.300715 0.570539 0.264716 0.305823 46 MPNN_SenderAggr
0.051931 0.019293 0.032638 0.558733 0.257616 0.301117 0.566490 0.262976 0.303514 47 MPNN_SenderAggr
0.054387 0.020064 0.034323 0.554092 0.255797 0.298295 0.564867 0.262353 0.302514 48 MPNN_SenderAggr
0.053818 0.019967 0.033851 0.553808 0.255865 0.297943 0.564018 0.262268 0.301750 49 MPNN_SenderAggr
0.053291 0.019855 0.033436 0.564121 0.259887 0.304234 0.571175 0.264855 0.306321 50 MPNN_SenderAggr
0.052935 0.019779 0.033157 0.554979 0.256247 0.298732 0.565985 0.262974 0.303011 51 MPNN_SenderAggr
0.052679 0.019712 0.032966 0.556799 0.256843 0.299956 0.565354 0.262432 0.302922 52 MPNN_SenderAggr
0.050465 0.019006 0.031459 0.552758 0.255653 0.297106 0.563167 0.262143 0.301024 53 MPNN_SenderAggr
0.051717 0.019358 0.032359 0.554469 0.256042 0.298426 0.564094 0.262209 0.301884 54 MPNN_SenderAggr
0.052270 0.019636 0.032635 0.556242 0.256862 0.299380 0.565701 0.262904 0.302797 55 MPNN_SenderAggr
0.051389 0.019500 0.031889 0.561627 0.258836 0.302792 0.573256 0.265850 0.307405 56 MPNN_SenderAggr
0.050315 0.019127 0.031188 0.552884 0.255625 0.297259 0.562976 0.261982 0.300994 57 MPNN_SenderAggr
0.049999 0.019044 0.030955 0.561756 0.258654 0.303102 0.568812 0.263694 0.305118 58 MPNN_SenderAggr
0.050535 0.019240 0.031296 0.561767 0.258769 0.302998 0.574362 0.266205 0.308156 59 MPNN_SenderAggr
0.051268 0.019526 0.031742 0.566617 0.260578 0.306039 0.579929 0.268285 0.311643 60 MPNN_SenderAggr
0.049847 0.019046 0.030801 0.555386 0.256854 0.298532 0.565158 0.262980 0.302178 61 MPNN_SenderAggr
0.049039 0.018910 0.030129 0.552998 0.255700 0.297299 0.563744 0.262310 0.301435 62 MPNN_SenderAggr
0.050116 0.019189 0.030928 0.562504 0.259037 0.303468 0.575487 0.266548 0.308939 63 MPNN_SenderAggr
0.050246 0.019286 0.030959 0.555003 0.256370 0.298632 0.566281 0.263159 0.303122 64 MPNN_SenderAggr
0.050007 0.019143 0.030864 0.553297 0.255512 0.297785 0.562652 0.261578 0.301074 65 MPNN_SenderAggr
0.049749 0.019108 0.030641 0.559249 0.257727 0.301521 0.567152 0.263098 0.304055 66 MPNN_SenderAggr
0.050059 0.019185 0.030874 0.563083 0.259230 0.303853 0.576077 0.266759 0.309319 67 MPNN_SenderAggr
0.049879 0.019215 0.030665 0.555868 0.256609 0.299259 0.567529 0.263567 0.303962 68 MPNN_SenderAggr
0.049738 0.019157 0.030581 0.559430 0.257941 0.301489 0.571720 0.265174 0.306546 69 MPNN_SenderAggr
0.049695 0.019144 0.030550 0.561256 0.258231 0.303025 0.567998 0.263137 0.304861 70 MPNN_SenderAggr
0.049280 0.019029 0.030251 0.557388 0.257114 0.300274 0.569222 0.264192 0.305029 71 MPNN_SenderAggr
0.049128 0.018961 0.030167 0.556994 0.256956 0.300038 0.568435 0.263880 0.304555 72 MPNN_SenderAggr
0.049348 0.019087 0.030261 0.557163 0.257097 0.300066 0.568508 0.264016 0.304492 73 MPNN_SenderAggr
0.049098 0.018938 0.030161 0.552956 0.255727 0.297229 0.563664 0.262315 0.301349 74 MPNN_SenderAggr
0.048256 0.018732 0.029525 0.552586 0.255309 0.297276 0.562244 0.261540 0.300705 75 MPNN_SenderAggr
0.047967 0.018715 0.029252 0.556367 0.257095 0.299272 0.565497 0.262933 0.302564 76 MPNN_SenderAggr
0.047985 0.018818 0.029167 0.555459 0.256543 0.298916 0.564507 0.262375 0.302132 77 MPNN_SenderAggr
0.048257 0.019014 0.029243 0.558087 0.257312 0.300775 0.569893 0.264377 0.305515 78 MPNN_SenderAggr
0.048299 0.019036 0.029263 0.560023 0.258056 0.301967 0.572566 0.265409 0.307156 79 MPNN_SenderAggr
0.048331 0.019090 0.029242 0.556731 0.256933 0.299798 0.565705 0.262752 0.302953 80 MPNN_SenderAggr
0.048170 0.019060 0.029110 0.558624 0.257507 0.301117 0.566922 0.263038 0.303884 81 MPNN_SenderAggr
0.047629 0.018958 0.028671 0.557113 0.256840 0.300274 0.565277 0.262309 0.302968 82 MPNN_SenderAggr
0.046691 0.018683 0.028008 0.553002 0.255405 0.297597 0.563236 0.261925 0.301311 83 MPNN_SenderAggr
0.046554 0.018665 0.027889 0.555816 0.256848 0.298967 0.565101 0.262788 0.302313 84 MPNN_SenderAggr
0.046132 0.018596 0.027536 0.552954 0.255704 0.297250 0.563080 0.262162 0.300918 85 MPNN_SenderAggr
0.046463 0.018645 0.027818 0.553205 0.255781 0.297425 0.563049 0.262055 0.300994 86 MPNN_SenderAggr
0.046749 0.018681 0.028069 0.554554 0.256031 0.298523 0.565738 0.262891 0.302847 87 MPNN_SenderAggr
0.046435 0.018665 0.027770 0.555958 0.256753 0.299204 0.565021 0.262604 0.302417 88 MPNN_SenderAggr
0.046111 0.018614 0.027498 0.553213 0.255697 0.297516 0.563862 0.262368 0.301494 89 MPNN_SenderAggr
0.046331 0.018697 0.027634 0.552849 0.255654 0.297195 0.562863 0.262045 0.300819 90 MPNN_SenderAggr
0.046351 0.018710 0.027641 0.553435 0.255683 0.297752 0.564221 0.262384 0.301837 91 MPNN_SenderAggr
0.046000 0.018592 0.027408 0.554864 0.256458 0.298406 0.564556 0.262630 0.301926 92 MPNN_SenderAggr
0.046362 0.018688 0.027674 0.555320 0.256518 0.298802 0.564448 0.262398 0.302049 93 MPNN_SenderAggr
0.045736 0.018605 0.027131 0.553847 0.255806 0.298041 0.564562 0.262450 0.302112 94 MPNN_SenderAggr
0.045708 0.018627 0.027081 0.552612 0.255433 0.297179 0.562901 0.261912 0.300989 95 MPNN_SenderAggr
0.045041 0.018455 0.026586 0.553210 0.255645 0.297565 0.562839 0.261861 0.300977 96 MPNN_SenderAggr
0.044999 0.018451 0.026548 0.553160 0.255743 0.297416 0.563042 0.262057 0.300984 97 MPNN_SenderAggr
0.044887 0.018424 0.026463 0.554186 0.255844 0.298343 0.564997 0.262583 0.302414 98 MPNN_SenderAggr
0.045350 0.018537 0.026813 0.553375 0.255579 0.297797 0.563066 0.261818 0.301247 99 MPNN_SenderAggr
0.045479 0.018509 0.026970 0.553952 0.255900 0.298052 0.564366 0.262447 0.301919 100 MPNN_SenderAggr
0.044700 0.018449 0.026250 0.552889 0.255640 0.297249 0.562837 0.261997 0.300840 101 MPNN_SenderAggr
0.044354 0.018397 0.025958 0.553444 0.255666 0.297777 0.563098 0.261843 0.301255 102 MPNN_SenderAggr
0.044467 0.018366 0.026101 0.555998 0.256673 0.299326 0.565098 0.262543 0.302554 103 MPNN_SenderAggr
0.044598 0.018441 0.026157 0.554174 0.255864 0.298310 0.565226 0.262689 0.302536 104 MPNN_SenderAggr
0.045444 0.018702 0.026742 0.556852 0.256952 0.299900 0.565723 0.262737 0.302986 105 MPNN_SenderAggr
0.044536 0.018454 0.026082 0.553574 0.255685 0.297888 0.563137 0.261828 0.301309 106 MPNN_SenderAggr
0.044268 0.018401 0.025867 0.553782 0.255829 0.297953 0.564490 0.262456 0.302034 107 MPNN_SenderAggr
0.044633 0.018424 0.026209 0.553356 0.255985 0.297371 0.563577 0.262422 0.301156 108 MPNN_SenderAggr
0.044392 0.018450 0.025941 0.552968 0.255602 0.297366 0.562939 0.261971 0.300969 109 MPNN_SenderAggr
0.044533 0.018420 0.026114 0.553753 0.255781 0.297972 0.563457 0.261994 0.301463 110 MPNN_SenderAggr
0.044071 0.018378 0.025693 0.558821 0.257756 0.301065 0.567149 0.263306 0.303843 111 MPNN_SenderAggr
0.044081 0.018365 0.025716 0.554187 0.256022 0.298164 0.563870 0.262210 0.301660 112 MPNN_SenderAggr
0.043842 0.018308 0.025534 0.554087 0.255882 0.298205 0.563528 0.261944 0.301584 113 MPNN_SenderAggr
0.043977 0.018297 0.025680 0.555196 0.256292 0.298904 0.564303 0.262178 0.302126 114 MPNN_SenderAggr
0.044288 0.018412 0.025876 0.558619 0.257601 0.301018 0.566945 0.263148 0.303796 115 MPNN_SenderAggr
0.044554 0.018463 0.026091 0.556260 0.256832 0.299428 0.565555 0.262776 0.302779 116 MPNN_SenderAggr
0.043841 0.018309 0.025532 0.556246 0.256894 0.299353 0.565502 0.262811 0.302691 117 MPNN_SenderAggr
0.043517 0.018261 0.025256 0.552484 0.255291 0.297193 0.562386 0.261633 0.300753 118 MPNN_SenderAggr
0.043456 0.018241 0.025215 0.555120 0.256392 0.298728 0.564562 0.262428 0.302135 119 MPNN_SenderAggr
0.043867 0.018315 0.025552 0.554564 0.256059 0.298505 0.565165 0.262686 0.302479 120 MPNN_SenderAggr
0.043660 0.018300 0.025360 0.555258 0.256409 0.298849 0.564749 0.262478 0.302271 121 MPNN_SenderAggr
0.043700 0.018258 0.025441 0.553750 0.256071 0.297679 0.563745 0.262393 0.301352 122 MPNN_SenderAggr
0.043510 0.018252 0.025258 0.552967 0.255499 0.297468 0.563600 0.262131 0.301470 123 MPNN_SenderAggr
0.043435 0.018228 0.025208 0.553364 0.255653 0.297711 0.563126 0.261899 0.301228 124 MPNN_SenderAggr
0.043324 0.018223 0.025101 0.552344 0.255208 0.297135 0.562267 0.261567 0.300701 125 MPNN_SenderAggr
0.508923 0.233085 0.275838 0.433406 0.202503 0.230903 0.444487 0.208708 0.235779 1 MPNN_Structure2Vec
0.325012 0.161597 0.163415 0.249931 0.135498 0.114433 0.258095 0.139618 0.118477 2 MPNN_Structure2Vec
0.218826 0.118667 0.100159 0.209898 0.117064 0.092834 0.215912 0.121441 0.094472 3 MPNN_Structure2Vec
0.185942 0.104056 0.081886 0.193989 0.112074 0.081915 0.198755 0.115580 0.083175 4 MPNN_Structure2Vec
0.158985 0.093310 0.065675 0.173858 0.106495 0.067364 0.183090 0.111574 0.071516 5 MPNN_Structure2Vec
0.140222 0.086514 0.053708 0.163655 0.102155 0.061500 0.174741 0.107150 0.067591 6 MPNN_Structure2Vec
0.122932 0.079704 0.043229 0.161731 0.101081 0.060650 0.171472 0.106275 0.065197 7 MPNN_Structure2Vec
0.112705 0.071831 0.040874 0.177698 0.107045 0.070653 0.185735 0.112315 0.073420 8 MPNN_Structure2Vec
0.104644 0.065348 0.039296 0.188410 0.113284 0.075126 0.199329 0.120479 0.078850 9 MPNN_Structure2Vec
0.095123 0.058568 0.036555 0.216525 0.126875 0.089649 0.223870 0.131516 0.092354 10 MPNN_Structure2Vec
0.091427 0.055893 0.035534 0.193396 0.115685 0.077711 0.205252 0.122627 0.082625 11 MPNN_Structure2Vec
0.088849 0.053764 0.035085 0.195257 0.116467 0.078790 0.207334 0.123366 0.083967 12 MPNN_Structure2Vec
0.083476 0.051264 0.032212 0.191367 0.116517 0.074850 0.202827 0.123659 0.079168 13 MPNN_Structure2Vec
0.080325 0.049675 0.030650 0.186146 0.113337 0.072809 0.196063 0.120112 0.075951 14 MPNN_Structure2Vec
0.080265 0.048837 0.031429 0.191511 0.114853 0.076657 0.203837 0.122690 0.081147 15 MPNN_Structure2Vec
0.078374 0.048560 0.029813 0.187260 0.113297 0.073962 0.200787 0.122056 0.078731 16 MPNN_Structure2Vec
0.074468 0.046650 0.027817 0.180756 0.112194 0.068562 0.194391 0.120197 0.074193 17 MPNN_Structure2Vec
0.074690 0.046903 0.027788 0.189485 0.114868 0.074617 0.198264 0.120606 0.077658 18 MPNN_Structure2Vec
0.072718 0.045726 0.026991 0.182464 0.111618 0.070846 0.194161 0.119456 0.074705 19 MPNN_Structure2Vec
0.071745 0.045112 0.026632 0.184123 0.111886 0.072237 0.195174 0.119282 0.075892 20 MPNN_Structure2Vec
0.069037 0.044032 0.025004 0.172468 0.107427 0.065041 0.182291 0.113171 0.069120 21 MPNN_Structure2Vec
0.069180 0.043718 0.025462 0.174436 0.108507 0.065928 0.185113 0.114820 0.070294 22 MPNN_Structure2Vec
0.068894 0.043640 0.025255 0.176311 0.107417 0.068894 0.186342 0.114391 0.071951 23 MPNN_Structure2Vec
0.067844 0.043033 0.024812 0.175645 0.108348 0.067297 0.187334 0.115536 0.071797 24 MPNN_Structure2Vec
0.064574 0.041511 0.023063 0.173464 0.106528 0.066936 0.183883 0.113246 0.070637 25 MPNN_Structure2Vec
0.066254 0.042268 0.023986 0.174760 0.108339 0.066421 0.187054 0.115484 0.071570 26 MPNN_Structure2Vec
0.064015 0.041113 0.022902 0.170877 0.105159 0.065718 0.183443 0.111827 0.071616 27 MPNN_Structure2Vec
0.062295 0.040198 0.022097 0.170057 0.104523 0.065534 0.180071 0.110323 0.069748 28 MPNN_Structure2Vec
0.063261 0.040070 0.023190 0.170162 0.105732 0.064430 0.181833 0.112638 0.069195 29 MPNN_Structure2Vec
0.061994 0.039716 0.022277 0.166340 0.103235 0.063105 0.177174 0.109429 0.067745 30 MPNN_Structure2Vec
0.060348 0.039098 0.021249 0.169776 0.104911 0.064864 0.181917 0.112001 0.069916 31 MPNN_Structure2Vec
0.059954 0.038545 0.021409 0.168940 0.104533 0.064407 0.180425 0.111422 0.069003 32 MPNN_Structure2Vec
0.059780 0.038251 0.021530 0.168662 0.104123 0.064539 0.179579 0.110374 0.069205 33 MPNN_Structure2Vec
0.059005 0.037808 0.021197 0.167318 0.103802 0.063516 0.178153 0.109786 0.068367 34 MPNN_Structure2Vec
0.058213 0.037249 0.020964 0.167228 0.105313 0.061915 0.178319 0.110696 0.067623 35 MPNN_Structure2Vec
0.058325 0.037322 0.021003 0.166859 0.103678 0.063181 0.179988 0.110780 0.069208 36 MPNN_Structure2Vec
0.058338 0.037235 0.021103 0.169695 0.104740 0.064955 0.181568 0.111292 0.070276 37 MPNN_Structure2Vec
0.056195 0.036219 0.019976 0.163806 0.102073 0.061733 0.174388 0.107303 0.067085 38 MPNN_Structure2Vec
0.057523 0.036775 0.020749 0.164507 0.102177 0.062330 0.172686 0.106831 0.065855 39 MPNN_Structure2Vec
0.057428 0.036755 0.020673 0.163880 0.101717 0.062163 0.173692 0.106855 0.066837 40 MPNN_Structure2Vec
0.055440 0.035476 0.019964 0.165879 0.102879 0.063001 0.175223 0.107841 0.067382 41 MPNN_Structure2Vec
0.054875 0.035399 0.019476 0.162917 0.101838 0.061078 0.172974 0.107594 0.065380 42 MPNN_Structure2Vec
0.054870 0.035217 0.019653 0.166289 0.103355 0.062935 0.175558 0.108236 0.067323 43 MPNN_Structure2Vec
0.053725 0.034718 0.019007 0.165560 0.102806 0.062754 0.173999 0.107733 0.066266 44 MPNN_Structure2Vec
0.053588 0.034407 0.019181 0.162026 0.101913 0.060113 0.174540 0.108652 0.065888 45 MPNN_Structure2Vec
0.053400 0.034435 0.018965 0.162818 0.101791 0.061027 0.173874 0.107463 0.066410 46 MPNN_Structure2Vec
0.052837 0.034018 0.018819 0.163499 0.101749 0.061750 0.174285 0.107947 0.066338 47 MPNN_Structure2Vec
0.052451 0.033902 0.018549 0.163434 0.101927 0.061507 0.173383 0.107648 0.065736 48 MPNN_Structure2Vec
0.053540 0.034300 0.019239 0.164275 0.102776 0.061499 0.174708 0.108663 0.066045 49 MPNN_Structure2Vec
0.053227 0.034030 0.019197 0.162155 0.101720 0.060435 0.173338 0.108068 0.065270 50 MPNN_Structure2Vec
0.051540 0.033308 0.018233 0.163319 0.102393 0.060927 0.175270 0.108874 0.066396 51 MPNN_Structure2Vec
0.051567 0.033244 0.018323 0.163998 0.102195 0.061804 0.173955 0.107914 0.066041 52 MPNN_Structure2Vec
0.051040 0.033074 0.017966 0.164810 0.103266 0.061544 0.177374 0.110649 0.066725 53 MPNN_Structure2Vec
0.051102 0.033027 0.018075 0.162101 0.101320 0.060781 0.171946 0.107020 0.064926 54 MPNN_Structure2Vec
0.051166 0.032920 0.018247 0.166020 0.103502 0.062518 0.176822 0.109705 0.067117 55 MPNN_Structure2Vec
0.050898 0.032746 0.018152 0.161445 0.101833 0.059613 0.173051 0.108042 0.065009 56 MPNN_Structure2Vec
0.051464 0.033174 0.018290 0.161534 0.102045 0.059488 0.173118 0.108387 0.064732 57 MPNN_Structure2Vec
0.522465 0.241029 0.281436 0.461110 0.213176 0.247933 0.470283 0.218281 0.252003 1 MPNN_2Layer
0.309504 0.143755 0.165749 0.311864 0.156661 0.155203 0.316766 0.158453 0.158313 2 MPNN_2Layer
0.201058 0.088124 0.112934 0.255585 0.126053 0.129532 0.258738 0.127209 0.131529 3 MPNN_2Layer
0.148847 0.064403 0.084444 0.228847 0.119591 0.109256 0.237210 0.121905 0.115305 4 MPNN_2Layer
0.107005 0.046207 0.060798 0.184583 0.098178 0.086406 0.194220 0.101308 0.092911 5 MPNN_2Layer
0.079809 0.035168 0.044641 0.181920 0.099713 0.082207 0.189653 0.102587 0.087065 6 MPNN_2Layer
0.071831 0.031424 0.040407 0.155127 0.085983 0.069144 0.162746 0.088872 0.073874 7 MPNN_2Layer
0.064264 0.027757 0.036508 0.156105 0.083741 0.072363 0.163420 0.086803 0.076617 8 MPNN_2Layer
0.070964 0.030015 0.040949 0.153611 0.082885 0.070726 0.160637 0.085680 0.074957 9 MPNN_2Layer
0.061349 0.025763 0.035586 0.146971 0.084538 0.062433 0.154867 0.086939 0.067927 10 MPNN_2Layer
0.056440 0.023744 0.032696 0.131852 0.074418 0.057434 0.138504 0.076742 0.061762 11 MPNN_2Layer
0.055134 0.023240 0.031894 0.183404 0.114088 0.069316 0.192027 0.117051 0.074976 12 MPNN_2Layer
0.058690 0.024506 0.034185 0.151816 0.091009 0.060808 0.159342 0.093924 0.065418 13 MPNN_2Layer
0.053893 0.022817 0.031076 0.127036 0.070849 0.056188 0.133360 0.072963 0.060397 14 MPNN_2Layer
0.047423 0.020627 0.026796 0.127881 0.072290 0.055591 0.133028 0.073787 0.059241 15 MPNN_2Layer
0.052384 0.022126 0.030258 0.161863 0.090870 0.070993 0.166972 0.092643 0.074328 16 MPNN_2Layer
0.053316 0.021958 0.031358 0.129248 0.072510 0.056739 0.135587 0.074767 0.060820 17 MPNN_2Layer
0.050906 0.021573 0.029333 0.129777 0.076486 0.053292 0.134196 0.077027 0.057168 18 MPNN_2Layer
0.044252 0.019311 0.024942 0.142710 0.087889 0.054821 0.149475 0.090364 0.059111 19 MPNN_2Layer
0.051422 0.021331 0.030091 0.118520 0.066462 0.052058 0.127159 0.068935 0.058223 20 MPNN_2Layer
0.042446 0.018546 0.023900 0.117653 0.067160 0.050493 0.124062 0.069102 0.054961 21 MPNN_2Layer
0.039372 0.017681 0.021692 0.115209 0.065008 0.050202 0.121809 0.067061 0.054748 22 MPNN_2Layer
0.040197 0.017576 0.022620 0.117631 0.067064 0.050567 0.122866 0.068277 0.054589 23 MPNN_2Layer
0.040896 0.017853 0.023043 0.116373 0.065301 0.051072 0.122969 0.067208 0.055761 24 MPNN_2Layer
0.040017 0.018104 0.021914 0.125450 0.074467 0.050983 0.134459 0.077442 0.057017 25 MPNN_2Layer
0.036415 0.016967 0.019449 0.114279 0.067157 0.047122 0.117392 0.067610 0.049782 26 MPNN_2Layer
0.038371 0.017562 0.020809 0.124306 0.074872 0.049434 0.131528 0.077346 0.054182 27 MPNN_2Layer
0.042949 0.019174 0.023775 0.110486 0.065089 0.045398 0.115731 0.065982 0.049749 28 MPNN_2Layer
0.042053 0.018567 0.023486 0.163954 0.107192 0.056763 0.170128 0.108786 0.061342 29 MPNN_2Layer
0.039142 0.017911 0.021231 0.112770 0.067697 0.045073 0.117473 0.068751 0.048722 30 MPNN_2Layer
0.036042 0.016746 0.019296 0.134145 0.086113 0.048033 0.139397 0.087734 0.051663 31 MPNN_2Layer
0.037079 0.016754 0.020324 0.120435 0.074224 0.046211 0.125190 0.075359 0.049831 32 MPNN_2Layer
0.039595 0.017734 0.021861 0.113290 0.069368 0.043922 0.118211 0.070628 0.047583 33 MPNN_2Layer
0.037450 0.016898 0.020553 0.103530 0.060410 0.043119 0.108459 0.061653 0.046805 34 MPNN_2Layer
0.040492 0.017915 0.022577 0.114659 0.071752 0.042908 0.119323 0.072592 0.046732 35 MPNN_2Layer
0.036524 0.016757 0.019767 0.114049 0.070762 0.043287 0.120653 0.072962 0.047691 36 MPNN_2Layer
0.030653 0.014797 0.015857 0.107190 0.065314 0.041876 0.113201 0.066920 0.046281 37 MPNN_2Layer
0.030011 0.014447 0.015564 0.106263 0.064783 0.041480 0.111672 0.066250 0.045421 38 MPNN_2Layer
0.033208 0.015597 0.017611 0.116282 0.070747 0.045535 0.123151 0.072764 0.050388 39 MPNN_2Layer
0.033060 0.015467 0.017592 0.127114 0.083307 0.043807 0.133332 0.084731 0.048601 40 MPNN_2Layer
0.030162 0.014478 0.015684 0.107613 0.066971 0.040642 0.112811 0.068486 0.044325 41 MPNN_2Layer
0.029093 0.013928 0.015165 0.111619 0.070448 0.041170 0.116143 0.072063 0.044080 42 MPNN_2Layer
0.032228 0.014807 0.017422 0.123250 0.076773 0.046477 0.128140 0.078576 0.049564 43 MPNN_2Layer
0.031361 0.014708 0.016652 0.115689 0.072555 0.043135 0.121348 0.074469 0.046879 44 MPNN_2Layer
0.029392 0.013911 0.015481 0.102743 0.062888 0.039855 0.107875 0.064530 0.043345 45 MPNN_2Layer
0.028180 0.013491 0.014689 0.115598 0.074162 0.041436 0.120841 0.076050 0.044791 46 MPNN_2Layer
0.025937 0.013108 0.012829 0.099760 0.062164 0.037595 0.104251 0.063608 0.040644 47 MPNN_2Layer
0.030632 0.014256 0.016376 0.133452 0.087340 0.046112 0.140945 0.090740 0.050205 48 MPNN_2Layer
0.028476 0.013794 0.014682 0.098607 0.060294 0.038313 0.103500 0.062102 0.041398 49 MPNN_2Layer
0.029748 0.013908 0.015840 0.103921 0.064057 0.039863 0.108558 0.065744 0.042814 50 MPNN_2Layer
0.030589 0.013781 0.016807 0.101995 0.065087 0.036909 0.106636 0.066347 0.040289 51 MPNN_2Layer
0.024858 0.012645 0.012213 0.105395 0.066925 0.038470 0.110274 0.068566 0.041709 52 MPNN_2Layer
0.027525 0.012994 0.014531 0.105818 0.064715 0.041103 0.111543 0.066989 0.044555 53 MPNN_2Layer
0.027167 0.013203 0.013964 0.101018 0.061564 0.039454 0.104452 0.062773 0.041679 54 MPNN_2Layer
0.024659 0.012469 0.012191 0.099777 0.060780 0.038997 0.103799 0.062661 0.041138 55 MPNN_2Layer
0.027075 0.013122 0.013953 0.109570 0.069256 0.040314 0.113323 0.070581 0.042742 56 MPNN_2Layer
0.028433 0.013693 0.014740 0.110778 0.071198 0.039580 0.115532 0.072674 0.042859 57 MPNN_2Layer
0.027919 0.013380 0.014539 0.104356 0.065502 0.038853 0.108114 0.066875 0.041239 58 MPNN_2Layer
0.027735 0.013329 0.014406 0.100305 0.061322 0.038983 0.105413 0.063565 0.041847 59 MPNN_2Layer
0.027497 0.013154 0.014343 0.104245 0.066003 0.038242 0.110072 0.068115 0.041957 60 MPNN_2Layer
0.025930 0.012771 0.013159 0.110867 0.070937 0.039929 0.115621 0.072559 0.043062 61 MPNN_2Layer
0.025765 0.012660 0.013106 0.102968 0.065315 0.037653 0.109052 0.067899 0.041153 62 MPNN_2Layer
0.022798 0.011793 0.011005 0.102539 0.064807 0.037732 0.107674 0.066596 0.041079 63 MPNN_2Layer
0.022638 0.011576 0.011062 0.099097 0.062212 0.036885 0.104025 0.063936 0.040089 64 MPNN_2Layer
0.021883 0.011429 0.010454 0.099368 0.062452 0.036916 0.103753 0.064217 0.039536 65 MPNN_2Layer
0.021541 0.011380 0.010161 0.094339 0.057825 0.036513 0.098842 0.059781 0.039062 66 MPNN_2Layer
0.021341 0.011399 0.009942 0.101968 0.064577 0.037392 0.106043 0.066125 0.039919 67 MPNN_2Layer
0.021725 0.011401 0.010324 0.100129 0.063581 0.036548 0.104926 0.065370 0.039556 68 MPNN_2Layer
0.025888 0.012569 0.013319 0.130627 0.087085 0.043542 0.133744 0.088051 0.045693 69 MPNN_2Layer
0.027548 0.013226 0.014322 0.087735 0.054425 0.033310 0.093906 0.056547 0.037359 70 MPNN_2Layer
0.023695 0.011696 0.011999 0.093903 0.058328 0.035575 0.098635 0.060442 0.038193 71 MPNN_2Layer
0.024585 0.012193 0.012392 0.108904 0.070221 0.038683 0.112246 0.071098 0.041148 72 MPNN_2Layer
0.023169 0.011801 0.011368 0.101436 0.064817 0.036619 0.105951 0.066555 0.039395 73 MPNN_2Layer
0.025510 0.012144 0.013366 0.093593 0.059089 0.034504 0.098880 0.060690 0.038189 74 MPNN_2Layer
0.021526 0.011009 0.010517 0.088764 0.055784 0.032979 0.094233 0.057763 0.036470 75 MPNN_2Layer
0.020320 0.010921 0.009398 0.095006 0.058511 0.036495 0.098825 0.060145 0.038681 76 MPNN_2Layer
0.020879 0.011043 0.009836 0.099265 0.062493 0.036772 0.104049 0.064456 0.039593 77 MPNN_2Layer
0.023535 0.011770 0.011765 0.087216 0.053854 0.033362 0.092324 0.055694 0.036630 78 MPNN_2Layer
0.023443 0.011919 0.011525 0.091499 0.057167 0.034332 0.097649 0.059211 0.038438 79 MPNN_2Layer
0.024061 0.012064 0.011997 0.101577 0.063847 0.037729 0.104164 0.064774 0.039390 80 MPNN_2Layer
0.024734 0.011938 0.012796 0.087908 0.053690 0.034219 0.092519 0.055516 0.037003 81 MPNN_2Layer
0.025780 0.012347 0.013433 0.085453 0.053070 0.032383 0.090190 0.054722 0.035467 82 MPNN_2Layer
0.019713 0.010662 0.009051 0.087481 0.053605 0.033876 0.091953 0.055420 0.036533 83 MPNN_2Layer
0.020755 0.010573 0.010182 0.088955 0.054654 0.034302 0.093296 0.056178 0.037118 84 MPNN_2Layer
0.021715 0.010890 0.010825 0.103851 0.065874 0.037977 0.106441 0.066587 0.039854 85 MPNN_2Layer
0.020109 0.010776 0.009332 0.085964 0.053532 0.032432 0.090443 0.055033 0.035410 86 MPNN_2Layer
0.018800 0.010404 0.008397 0.087336 0.053909 0.033427 0.091785 0.055575 0.036210 87 MPNN_2Layer
0.018868 0.010324 0.008545 0.089421 0.056053 0.033368 0.094012 0.057660 0.036352 88 MPNN_2Layer
0.020805 0.010877 0.009928 0.093982 0.059928 0.034054 0.097655 0.061075 0.036580 89 MPNN_2Layer
0.020487 0.010758 0.009729 0.091023 0.056804 0.034219 0.095165 0.058433 0.036732 90 MPNN_2Layer
0.018095 0.010177 0.007918 0.082730 0.051186 0.031543 0.087349 0.052626 0.034724 91 MPNN_2Layer
0.017858 0.010093 0.007765 0.083135 0.051180 0.031955 0.087638 0.052653 0.034985 92 MPNN_2Layer
0.019600 0.010565 0.009035 0.100564 0.065103 0.035461 0.102314 0.065033 0.037281 93 MPNN_2Layer
0.020707 0.010758 0.009949 0.085074 0.053853 0.031221 0.089452 0.055048 0.034404 94 MPNN_2Layer
0.020603 0.010585 0.010017 0.086523 0.053998 0.032524 0.091104 0.055352 0.035752 95 MPNN_2Layer
0.020863 0.010916 0.009947 0.082801 0.051271 0.031530 0.088608 0.053211 0.035397 96 MPNN_2Layer
0.018877 0.010105 0.008772 0.080082 0.049859 0.030223 0.085126 0.051498 0.033628 97 MPNN_2Layer
0.017411 0.009932 0.007479 0.080685 0.049674 0.031010 0.085456 0.051246 0.034211 98 MPNN_2Layer
0.017402 0.009879 0.007523 0.081329 0.050918 0.030411 0.086284 0.052513 0.033771 99 MPNN_2Layer
0.020010 0.010522 0.009487 0.079516 0.048931 0.030584 0.083816 0.050254 0.033563 100 MPNN_2Layer
0.020025 0.010521 0.009504 0.091146 0.058941 0.032204 0.094549 0.059553 0.034996 101 MPNN_2Layer
0.020699 0.010794 0.009904 0.092123 0.059289 0.032834 0.095056 0.059491 0.035565 102 MPNN_2Layer
0.017466 0.009884 0.007582 0.079043 0.048621 0.030422 0.083505 0.050152 0.033354 103 MPNN_2Layer
0.019396 0.010337 0.009059 0.085678 0.052455 0.033223 0.091120 0.054119 0.037000 104 MPNN_2Layer
0.017883 0.009905 0.007978 0.079711 0.049232 0.030479 0.084682 0.050866 0.033816 105 MPNN_2Layer
0.016846 0.009644 0.007202 0.076889 0.047086 0.029803 0.080560 0.048141 0.032420 106 MPNN_2Layer
0.019628 0.010324 0.009304 0.110709 0.072947 0.037761 0.112588 0.072812 0.039776 107 MPNN_2Layer
0.024022 0.011890 0.012132 0.092463 0.056406 0.036057 0.097839 0.058143 0.039696 108 MPNN_2Layer
0.019269 0.010077 0.009192 0.075069 0.046804 0.028265 0.079336 0.047918 0.031417 109 MPNN_2Layer
0.016603 0.009551 0.007053 0.076467 0.046365 0.030102 0.081202 0.047875 0.033327 110 MPNN_2Layer
0.017023 0.009586 0.007437 0.076504 0.047511 0.028993 0.080602 0.048506 0.032096 111 MPNN_2Layer
0.019660 0.010379 0.009282 0.079239 0.050968 0.028270 0.083698 0.052066 0.031632 112 MPNN_2Layer
0.018990 0.010162 0.008828 0.075137 0.046952 0.028186 0.078692 0.047649 0.031043 113 MPNN_2Layer
0.019486 0.010344 0.009142 0.075925 0.046907 0.029019 0.079317 0.047820 0.031497 114 MPNN_2Layer
0.016895 0.009555 0.007340 0.072462 0.044277 0.028185 0.076428 0.045540 0.030888 115 MPNN_2Layer
0.018156 0.009844 0.008312 0.077895 0.048959 0.028936 0.081819 0.050109 0.031710 116 MPNN_2Layer
0.019813 0.010339 0.009474 0.076518 0.048084 0.028434 0.081537 0.049581 0.031956 117 MPNN_2Layer
0.020465 0.010315 0.010150 0.074455 0.045875 0.028580 0.076884 0.046356 0.030528 118 MPNN_2Layer
0.018484 0.009920 0.008564 0.084055 0.054847 0.029208 0.087562 0.055396 0.032166 119 MPNN_2Layer
0.018206 0.010005 0.008201 0.080737 0.053103 0.027634 0.084914 0.053639 0.031275 120 MPNN_2Layer
0.023802 0.011775 0.012027 0.086886 0.053945 0.032941 0.091487 0.055029 0.036457 121 MPNN_2Layer
0.022483 0.011332 0.011151 0.073289 0.044601 0.028687 0.077101 0.045546 0.031554 122 MPNN_2Layer
0.016720 0.009515 0.007205 0.070837 0.044422 0.026415 0.075124 0.045566 0.029559 123 MPNN_2Layer
0.015869 0.009329 0.006540 0.071720 0.044725 0.026995 0.073394 0.044569 0.028826 124 MPNN_2Layer
0.016676 0.009460 0.007216 0.076263 0.048478 0.027785 0.080605 0.049560 0.031044 125 MPNN_2Layer
0.016799 0.009375 0.007424 0.070942 0.043339 0.027603 0.075123 0.044282 0.030841 126 MPNN_2Layer
0.018447 0.009936 0.008511 0.076512 0.044861 0.031651 0.079337 0.045436 0.033900 127 MPNN_2Layer
0.016228 0.009301 0.006928 0.070330 0.043884 0.026446 0.074926 0.045208 0.029717 128 MPNN_2Layer
0.016196 0.009248 0.006948 0.067722 0.041331 0.026391 0.070270 0.041774 0.028496 129 MPNN_2Layer
0.016017 0.009280 0.006738 0.065723 0.040323 0.025400 0.068735 0.040884 0.027850 130 MPNN_2Layer
0.016058 0.009215 0.006843 0.066727 0.041206 0.025521 0.070390 0.041967 0.028422 131 MPNN_2Layer
0.014918 0.008931 0.005987 0.065857 0.040815 0.025042 0.069093 0.041443 0.027651 132 MPNN_2Layer
0.014541 0.008799 0.005742 0.065052 0.039765 0.025287 0.067510 0.039853 0.027657 133 MPNN_2Layer
0.015042 0.008903 0.006140 0.067261 0.041954 0.025307 0.070547 0.042590 0.027957 134 MPNN_2Layer
0.016755 0.009404 0.007352 0.065644 0.040427 0.025217 0.068783 0.040915 0.027868 135 MPNN_2Layer
0.014613 0.008759 0.005855 0.064437 0.039258 0.025179 0.066217 0.039129 0.027087 136 MPNN_2Layer
0.014236 0.008683 0.005553 0.065482 0.040299 0.025183 0.068950 0.040793 0.028158 137 MPNN_2Layer
0.014646 0.008793 0.005853 0.063515 0.039236 0.024278 0.067109 0.039805 0.027305 138 MPNN_2Layer
0.014256 0.008697 0.005560 0.064923 0.039425 0.025498 0.066695 0.039469 0.027226 139 MPNN_2Layer
0.015647 0.008783 0.006864 0.063612 0.039452 0.024160 0.066648 0.039891 0.026756 140 MPNN_2Layer
0.014999 0.008751 0.006248 0.066173 0.039636 0.026537 0.069125 0.040168 0.028957 141 MPNN_2Layer
0.016672 0.008857 0.007816 0.065072 0.040094 0.024977 0.067540 0.040349 0.027192 142 MPNN_2Layer
0.014553 0.008606 0.005947 0.061610 0.038157 0.023453 0.064579 0.038496 0.026084 143 MPNN_2Layer
0.014339 0.008613 0.005726 0.063303 0.039511 0.023792 0.066183 0.039643 0.026540 144 MPNN_2Layer
0.013961 0.008519 0.005442 0.062216 0.038286 0.023929 0.064789 0.038274 0.026515 145 MPNN_2Layer
0.015767 0.008975 0.006791 0.073194 0.045768 0.027426 0.073248 0.044798 0.028450 146 MPNN_2Layer
0.017857 0.009581 0.008276 0.063313 0.038739 0.024574 0.064554 0.038419 0.026136 147 MPNN_2Layer
0.015391 0.009002 0.006389 0.064451 0.039490 0.024961 0.064613 0.038613 0.025999 148 MPNN_2Layer
0.017288 0.009375 0.007913 0.062684 0.039376 0.023308 0.065646 0.039543 0.026103 149 MPNN_2Layer
0.017115 0.009413 0.007703 0.059902 0.036316 0.023586 0.060751 0.035924 0.024827 150 MPNN_2Layer
0.016317 0.009135 0.007181 0.062082 0.037555 0.024527 0.063129 0.037048 0.026081 151 MPNN_2Layer
0.015078 0.008673 0.006405 0.060679 0.037709 0.022970 0.062995 0.037561 0.025434 152 MPNN_2Layer
0.015682 0.008671 0.007011 0.063436 0.039109 0.024326 0.063787 0.038367 0.025420 153 MPNN_2Layer
0.015312 0.008890 0.006422 0.059223 0.036034 0.023189 0.061036 0.035833 0.025203 154 MPNN_2Layer
0.014163 0.008539 0.005624 0.058325 0.036376 0.021949 0.060701 0.036448 0.024252 155 MPNN_2Layer
0.013236 0.008262 0.004974 0.058910 0.036387 0.022523 0.061103 0.036354 0.024749 156 MPNN_2Layer
0.013566 0.008288 0.005278 0.060910 0.037245 0.023665 0.061789 0.036626 0.025162 157 MPNN_2Layer
0.015090 0.008747 0.006343 0.062843 0.040200 0.022643 0.065482 0.040214 0.025268 158 MPNN_2Layer
0.015308 0.008719 0.006590 0.068192 0.044655 0.023537 0.071510 0.045037 0.026473 159 MPNN_2Layer
0.015714 0.008844 0.006870 0.057197 0.035651 0.021546 0.059863 0.035769 0.024093 160 MPNN_2Layer
0.013906 0.008306 0.005599 0.056473 0.034908 0.021565 0.058558 0.034982 0.023576 161 MPNN_2Layer
0.013831 0.008178 0.005653 0.056273 0.035110 0.021164 0.059572 0.035442 0.024129 162 MPNN_2Layer
0.012943 0.008044 0.004899 0.056272 0.034144 0.022128 0.058147 0.034129 0.024018 163 MPNN_2Layer
0.014731 0.008593 0.006138 0.056595 0.034048 0.022547 0.057318 0.033495 0.023823 164 MPNN_2Layer
0.012943 0.008032 0.004911 0.055073 0.033675 0.021398 0.057422 0.033761 0.023662 165 MPNN_2Layer
0.013055 0.008092 0.004964 0.055697 0.034470 0.021227 0.058312 0.034700 0.023612 166 MPNN_2Layer
0.013068 0.008004 0.005064 0.055182 0.033553 0.021629 0.056650 0.033332 0.023318 167 MPNN_2Layer
0.013953 0.008073 0.005879 0.056958 0.034867 0.022091 0.059707 0.035082 0.024626 168 MPNN_2Layer
0.015952 0.008812 0.007141 0.057624 0.035973 0.021652 0.060484 0.036142 0.024342 169 MPNN_2Layer
0.013059 0.008042 0.005016 0.054406 0.033168 0.021238 0.056382 0.033036 0.023345 170 MPNN_2Layer
0.013058 0.007890 0.005168 0.055834 0.034355 0.021479 0.058272 0.034579 0.023693 171 MPNN_2Layer
0.013650 0.007977 0.005672 0.053559 0.032681 0.020878 0.056087 0.032764 0.023323 172 MPNN_2Layer
0.013685 0.008060 0.005625 0.058397 0.036709 0.021688 0.058953 0.035617 0.023336 173 MPNN_2Layer
0.014968 0.008407 0.006562 0.057116 0.033237 0.023879 0.058445 0.032494 0.025951 174 MPNN_2Layer
0.015659 0.008636 0.007023 0.053694 0.032090 0.021604 0.054539 0.031385 0.023154 175 MPNN_2Layer
0.013073 0.007752 0.005321 0.052943 0.031854 0.021090 0.054101 0.030958 0.023143 176 MPNN_2Layer
0.012671 0.007691 0.004979 0.051031 0.030701 0.020330 0.052483 0.030216 0.022267 177 MPNN_2Layer
0.014371 0.008213 0.006157 0.051265 0.030951 0.020313 0.052691 0.030386 0.022306 178 MPNN_2Layer
0.013688 0.007971 0.005717 0.052380 0.032077 0.020303 0.053192 0.031108 0.022084 179 MPNN_2Layer
0.012241 0.007549 0.004692 0.051030 0.030443 0.020587 0.053102 0.030124 0.022979 180 MPNN_2Layer
0.012451 0.007419 0.005032 0.050871 0.030096 0.020776 0.052563 0.029561 0.023002 181 MPNN_2Layer
0.012812 0.007426 0.005385 0.050112 0.029703 0.020409 0.051397 0.029315 0.022082 182 MPNN_2Layer
0.012587 0.007504 0.005083 0.052077 0.031423 0.020654 0.052860 0.030546 0.022314 183 MPNN_2Layer
0.014441 0.008014 0.006427 0.056024 0.034544 0.021480 0.058130 0.033878 0.024251 184 MPNN_2Layer
0.014913 0.008110 0.006802 0.056478 0.034470 0.022008 0.058609 0.034000 0.024609 185 MPNN_2Layer
0.012596 0.007393 0.005203 0.049330 0.029523 0.019807 0.051031 0.029151 0.021880 186 MPNN_2Layer
0.011990 0.007175 0.004815 0.048374 0.028904 0.019470 0.049418 0.028305 0.021113 187 MPNN_2Layer
0.013349 0.007575 0.005773 0.049186 0.028909 0.020277 0.049452 0.027911 0.021541 188 MPNN_2Layer
0.012684 0.007349 0.005336 0.057447 0.035155 0.022292 0.059415 0.034959 0.024456 189 MPNN_2Layer
0.014759 0.007944 0.006815 0.056188 0.034692 0.021496 0.057934 0.034478 0.023455 190 MPNN_2Layer
0.013643 0.007502 0.006141 0.050261 0.029193 0.021068 0.049920 0.028258 0.021662 191 MPNN_2Layer
0.011897 0.007074 0.004823 0.046878 0.027777 0.019101 0.048334 0.027717 0.020617 192 MPNN_2Layer
0.013241 0.007323 0.005918 0.050520 0.030407 0.020112 0.050042 0.029132 0.020910 193 MPNN_2Layer
0.014217 0.007702 0.006515 0.050988 0.030594 0.020394 0.051286 0.029622 0.021663 194 MPNN_2Layer
0.012265 0.007115 0.005150 0.046955 0.027910 0.019045 0.047598 0.026974 0.020625 195 MPNN_2Layer
0.011451 0.006842 0.004609 0.049261 0.028872 0.020389 0.049030 0.027754 0.021276 196 MPNN_2Layer
0.011820 0.006886 0.004935 0.049280 0.028325 0.020955 0.048621 0.027364 0.021256 197 MPNN_2Layer
0.013569 0.006949 0.006619 0.049922 0.029754 0.020167 0.051373 0.029211 0.022162 198 MPNN_2Layer
0.012639 0.007123 0.005516 0.051686 0.030187 0.021499 0.052116 0.029830 0.022286 199 MPNN_2Layer
0.011378 0.006798 0.004580 0.047134 0.027601 0.019533 0.047114 0.026656 0.020458 200 MPNN_2Layer
0.012890 0.007149 0.005741 0.049617 0.029864 0.019753 0.049674 0.028894 0.020780 201 MPNN_2Layer
0.013451 0.007303 0.006148 0.046236 0.027398 0.018838 0.047817 0.027258 0.020559 202 MPNN_2Layer
0.011881 0.006719 0.005162 0.044715 0.026275 0.018439 0.045906 0.025856 0.020050 203 MPNN_2Layer
0.010975 0.006480 0.004495 0.048115 0.029316 0.018799 0.049365 0.029019 0.020346 204 MPNN_2Layer
0.010893 0.006414 0.004479 0.044985 0.026201 0.018783 0.045120 0.025842 0.019278 205 MPNN_2Layer
0.013170 0.007026 0.006144 0.057845 0.035111 0.022734 0.054120 0.032622 0.021498 206 MPNN_2Layer
0.011704 0.006692 0.005012 0.051054 0.030697 0.020357 0.049194 0.029116 0.020078 207 MPNN_2Layer
0.011011 0.006459 0.004552 0.047321 0.028007 0.019313 0.047559 0.027409 0.020150 208 MPNN_2Layer
0.011311 0.006359 0.004952 0.045123 0.025953 0.019170 0.044688 0.025194 0.019493 209 MPNN_2Layer
0.010607 0.006264 0.004343 0.045244 0.026310 0.018934 0.045768 0.025797 0.019971 210 MPNN_2Layer
0.010968 0.006221 0.004747 0.047108 0.027191 0.019916 0.046397 0.026100 0.020297 211 MPNN_2Layer
0.010497 0.006177 0.004320 0.043668 0.026033 0.017635 0.044690 0.025707 0.018983 212 MPNN_2Layer
0.012972 0.006830 0.006142 0.049914 0.028175 0.021740 0.047593 0.026817 0.020776 213 MPNN_2Layer
0.011606 0.006327 0.005279 0.044266 0.026100 0.018167 0.044363 0.025440 0.018924 214 MPNN_2Layer
0.010528 0.006085 0.004443 0.047969 0.028564 0.019405 0.046530 0.027149 0.019381 215 MPNN_2Layer
0.010593 0.006128 0.004465 0.044368 0.025738 0.018630 0.043337 0.024561 0.018776 216 MPNN_2Layer
0.010440 0.006038 0.004403 0.045646 0.026772 0.018874 0.045668 0.026141 0.019527 217 MPNN_2Layer
0.010327 0.005975 0.004352 0.046550 0.027410 0.019140 0.046093 0.026475 0.019618 218 MPNN_2Layer
0.012829 0.006727 0.006102 0.048450 0.027686 0.020764 0.046606 0.026301 0.020305 219 MPNN_2Layer
0.012912 0.006692 0.006221 0.047171 0.026397 0.020773 0.046011 0.025255 0.020756 220 MPNN_2Layer
0.011514 0.006022 0.005491 0.046270 0.026514 0.019756 0.045048 0.025314 0.019734 221 MPNN_2Layer
0.010332 0.005917 0.004415 0.044446 0.025590 0.018856 0.043346 0.024537 0.018809 222 MPNN_2Layer
0.011751 0.006203 0.005549 0.045553 0.026404 0.019149 0.044280 0.025303 0.018976 223 MPNN_2Layer
0.012142 0.006407 0.005736 0.046470 0.027061 0.019409 0.044231 0.025375 0.018856 224 MPNN_2Layer
0.011568 0.006238 0.005330 0.047587 0.027765 0.019821 0.045652 0.026014 0.019638 225 MPNN_2Layer
0.011698 0.006210 0.005488 0.046904 0.026775 0.020129 0.044484 0.025628 0.018856 226 MPNN_2Layer
0.010057 0.005722 0.004336 0.046816 0.026735 0.020080 0.043916 0.025105 0.018811 227 MPNN_2Layer
0.010607 0.005918 0.004689 0.045547 0.026880 0.018667 0.045477 0.026267 0.019210 228 MPNN_2Layer
0.011400 0.006129 0.005271 0.042843 0.025308 0.017535 0.042455 0.024425 0.018030 229 MPNN_2Layer
0.009740 0.005623 0.004118 0.044158 0.025846 0.018312 0.043145 0.024938 0.018207 230 MPNN_2Layer
0.009653 0.005628 0.004025 0.044985 0.025377 0.019608 0.042727 0.024143 0.018584 231 MPNN_2Layer
0.010624 0.005832 0.004792 0.044851 0.025940 0.018911 0.043315 0.024351 0.018963 232 MPNN_2Layer
0.010385 0.005757 0.004628 0.046932 0.027003 0.019929 0.044208 0.025102 0.019105 233 MPNN_2Layer
0.009587 0.005550 0.004037 0.043737 0.025272 0.018465 0.042928 0.024406 0.018522 234 MPNN_2Layer
0.009464 0.005467 0.003997 0.044161 0.025248 0.018912 0.042705 0.024090 0.018615 235 MPNN_2Layer
0.009161 0.005414 0.003747 0.044989 0.025813 0.019176 0.042719 0.024401 0.018318 236 MPNN_2Layer
0.009081 0.005347 0.003734 0.043716 0.025069 0.018647 0.042670 0.024096 0.018574 237 MPNN_2Layer
0.010647 0.005789 0.004858 0.048543 0.028007 0.020536 0.044876 0.026169 0.018707 238 MPNN_2Layer
0.010556 0.005763 0.004793 0.045516 0.026690 0.018826 0.043623 0.025213 0.018411 239 MPNN_2Layer
0.010026 0.005557 0.004469 0.044369 0.026415 0.017954 0.045104 0.026084 0.019020 240 MPNN_2Layer
0.010314 0.005670 0.004644 0.043399 0.025796 0.017603 0.043378 0.025207 0.018171 241 MPNN_2Layer
0.009817 0.005496 0.004321 0.043508 0.025772 0.017735 0.043578 0.025326 0.018251 242 MPNN_2Layer
0.009003 0.005298 0.003705 0.043434 0.024755 0.018679 0.041411 0.023527 0.017884 243 MPNN_2Layer
0.008665 0.005190 0.003475 0.041955 0.024406 0.017549 0.041247 0.023531 0.017716 244 MPNN_2Layer
0.008631 0.005177 0.003454 0.042356 0.024360 0.017996 0.041164 0.023345 0.017819 245 MPNN_2Layer
0.008767 0.005204 0.003563 0.042183 0.024370 0.017813 0.040652 0.023230 0.017422 246 MPNN_2Layer
0.008688 0.005156 0.003532 0.042355 0.024439 0.017916 0.040881 0.023308 0.017573 247 MPNN_2Layer
0.008713 0.005184 0.003529 0.043751 0.025144 0.018607 0.041505 0.023752 0.017753 248 MPNN_2Layer
0.009924 0.005457 0.004467 0.042885 0.024697 0.018188 0.041538 0.023517 0.018021 249 MPNN_2Layer
0.008756 0.005149 0.003607 0.042532 0.024293 0.018239 0.040351 0.023014 0.017337 250 MPNN_2Layer
0.008719 0.005127 0.003592 0.042547 0.024371 0.018176 0.041015 0.023190 0.017825 251 MPNN_2Layer
0.008549 0.005077 0.003473 0.043182 0.025758 0.017424 0.043141 0.025085 0.018055 252 MPNN_2Layer
0.009854 0.005423 0.004431 0.046635 0.027425 0.019210 0.044132 0.025847 0.018284 253 MPNN_2Layer
0.010031 0.005445 0.004586 0.041907 0.024035 0.017871 0.040278 0.022736 0.017542 254 MPNN_2Layer
0.008889 0.005061 0.003829 0.042393 0.024551 0.017842 0.042566 0.023840 0.018725 255 MPNN_2Layer
0.008832 0.005092 0.003740 0.041754 0.023990 0.017764 0.040663 0.022864 0.017799 256 MPNN_2Layer
0.010210 0.005359 0.004851 0.044128 0.024768 0.019360 0.043043 0.023271 0.019772 257 MPNN_2Layer
0.009198 0.005097 0.004101 0.042834 0.024330 0.018504 0.040086 0.022749 0.017337 258 MPNN_2Layer
0.008462 0.004978 0.003485 0.042377 0.024071 0.018306 0.040363 0.022785 0.017578 259 MPNN_2Layer
0.008333 0.004967 0.003367 0.041711 0.024014 0.017697 0.040249 0.022847 0.017402 260 MPNN_2Layer
0.008510 0.004987 0.003523 0.043067 0.024614 0.018453 0.040591 0.023100 0.017491 261 MPNN_2Layer
0.008885 0.005017 0.003868 0.042411 0.024362 0.018049 0.040041 0.022699 0.017342 262 MPNN_2Layer
0.008396 0.004935 0.003462 0.041554 0.024000 0.017554 0.040764 0.022944 0.017820 263 MPNN_2Layer
0.008758 0.004939 0.003819 0.043084 0.024252 0.018832 0.040598 0.022799 0.017799 264 MPNN_2Layer
0.009046 0.004968 0.004078 0.041882 0.024132 0.017750 0.039900 0.022748 0.017151 265 MPNN_2Layer
0.008484 0.004936 0.003548 0.041839 0.023865 0.017975 0.040289 0.022647 0.017641 266 MPNN_2Layer
0.008851 0.005009 0.003842 0.047298 0.028837 0.018460 0.047804 0.028302 0.019503 267 MPNN_2Layer
0.010159 0.005406 0.004753 0.044111 0.025882 0.018229 0.042675 0.024725 0.017950 268 MPNN_2Layer
0.009445 0.005165 0.004280 0.041697 0.023731 0.017966 0.039311 0.022231 0.017080 269 MPNN_2Layer
0.008510 0.004908 0.003602 0.041662 0.024042 0.017620 0.040101 0.022672 0.017429 270 MPNN_2Layer
0.008346 0.004862 0.003484 0.041889 0.024226 0.017663 0.040340 0.022986 0.017354 271 MPNN_2Layer
0.009035 0.004979 0.004056 0.043004 0.025519 0.017485 0.041564 0.024313 0.017251 272 MPNN_2Layer
0.009974 0.005313 0.004661 0.042454 0.024687 0.017767 0.040287 0.023098 0.017189 273 MPNN_2Layer
0.010028 0.005296 0.004733 0.042673 0.023996 0.018677 0.041414 0.022572 0.018842 274 MPNN_2Layer
0.008832 0.004941 0.003891 0.041465 0.023916 0.017549 0.039173 0.022418 0.016755 275 MPNN_2Layer
0.008274 0.004791 0.003483 0.041011 0.024077 0.016935 0.040327 0.022951 0.017376 276 MPNN_2Layer
0.009449 0.005131 0.004318 0.042540 0.024195 0.018345 0.040323 0.022488 0.017835 277 MPNN_2Layer
0.009608 0.005098 0.004510 0.044950 0.025537 0.019413 0.042196 0.023911 0.018286 278 MPNN_2Layer
0.009486 0.005025 0.004461 0.044673 0.025906 0.018767 0.041826 0.024047 0.017779 279 MPNN_2Layer
0.009268 0.005072 0.004197 0.041792 0.023941 0.017851 0.039536 0.022285 0.017251 280 MPNN_2Layer
0.008428 0.004847 0.003581 0.040751 0.023575 0.017176 0.039658 0.022387 0.017270 281 MPNN_2Layer
0.007910 0.004682 0.003228 0.042328 0.024927 0.017401 0.041824 0.024031 0.017794 282 MPNN_2Layer
0.009440 0.005039 0.004401 0.043001 0.024943 0.018058 0.041814 0.023543 0.018271 283 MPNN_2Layer
0.009233 0.004994 0.004239 0.043979 0.025036 0.018943 0.041423 0.023509 0.017915 284 MPNN_2Layer
0.008577 0.004803 0.003774 0.041592 0.024164 0.017428 0.039971 0.023019 0.016952 285 MPNN_2Layer
0.008182 0.004727 0.003455 0.044173 0.025447 0.018726 0.040643 0.023581 0.017062 286 MPNN_2Layer
0.008699 0.004818 0.003881 0.041505 0.023747 0.017758 0.039693 0.022373 0.017320 287 MPNN_2Layer
0.008674 0.004842 0.003832 0.041590 0.024200 0.017390 0.039428 0.022571 0.016857 288 MPNN_2Layer
0.007905 0.004643 0.003262 0.040220 0.023475 0.016745 0.039005 0.022214 0.016792 289 MPNN_2Layer
0.007824 0.004604 0.003220 0.040704 0.023472 0.017231 0.039262 0.022181 0.017080 290 MPNN_2Layer
0.007626 0.004575 0.003051 0.040465 0.023428 0.017037 0.039068 0.022179 0.016889 291 MPNN_2Layer
0.007975 0.004641 0.003334 0.039631 0.023132 0.016499 0.038296 0.021905 0.016391 292 MPNN_2Layer
0.008629 0.004797 0.003833 0.042258 0.024734 0.017524 0.041101 0.023718 0.017383 293 MPNN_2Layer
0.008522 0.004761 0.003761 0.040350 0.023137 0.017213 0.039266 0.021996 0.017271 294 MPNN_2Layer
0.008062 0.004605 0.003457 0.041268 0.023903 0.017365 0.039464 0.022397 0.017067 295 MPNN_2Layer
0.007901 0.004597 0.003305 0.040411 0.023368 0.017042 0.038720 0.021956 0.016764 296 MPNN_2Layer
0.007771 0.004544 0.003226 0.040404 0.023314 0.017090 0.038524 0.021966 0.016559 297 MPNN_2Layer
0.007806 0.004549 0.003257 0.041076 0.023594 0.017482 0.038928 0.022175 0.016752 298 MPNN_2Layer
0.007688 0.004534 0.003154 0.040128 0.023486 0.016642 0.039506 0.022508 0.016998 299 MPNN_2Layer
0.008663 0.004813 0.003850 0.041096 0.024068 0.017028 0.040560 0.023125 0.017435 300 MPNN_2Layer
0.008417 0.004706 0.003711 0.041651 0.024100 0.017551 0.039760 0.022664 0.017097 301 MPNN_2Layer
0.008019 0.004612 0.003407 0.039198 0.022913 0.016286 0.038428 0.021808 0.016620 302 MPNN_2Layer
0.007580 0.004493 0.003087 0.040209 0.023386 0.016823 0.038529 0.021931 0.016599 303 MPNN_2Layer
0.007619 0.004505 0.003114 0.039029 0.022835 0.016194 0.038436 0.021868 0.016569 304 MPNN_2Layer
0.007584 0.004489 0.003095 0.041691 0.024262 0.017429 0.040031 0.022972 0.017058 305 MPNN_2Layer
0.007575 0.004475 0.003101 0.039917 0.023019 0.016898 0.038453 0.021759 0.016694 306 MPNN_2Layer
0.007553 0.004476 0.003077 0.040431 0.023391 0.017041 0.038940 0.022010 0.016930 307 MPNN_2Layer
0.008074 0.004577 0.003498 0.039992 0.022925 0.017067 0.038607 0.021618 0.016989 308 MPNN_2Layer
0.008152 0.004615 0.003537 0.041245 0.023549 0.017696 0.039007 0.022006 0.017001 309 MPNN_2Layer
0.007984 0.004550 0.003434 0.041831 0.024121 0.017710 0.040017 0.022602 0.017416 310 MPNN_2Layer
0.007719 0.004493 0.003226 0.039016 0.022741 0.016275 0.038086 0.021645 0.016441 311 MPNN_2Layer
0.007383 0.004402 0.002981 0.040180 0.023150 0.017030 0.038760 0.021899 0.016862 312 MPNN_2Layer
0.007343 0.004388 0.002954 0.040173 0.023090 0.017083 0.039032 0.021832 0.017200 313 MPNN_2Layer
0.007357 0.004384 0.002973 0.039969 0.023094 0.016874 0.038835 0.021889 0.016946 314 MPNN_2Layer
0.007304 0.004368 0.002936 0.040357 0.023149 0.017208 0.039154 0.021829 0.017325 315 MPNN_2Layer
0.007550 0.004399 0.003151 0.039436 0.022965 0.016471 0.038305 0.021802 0.016503 316 MPNN_2Layer
0.007420 0.004399 0.003021 0.039572 0.022991 0.016580 0.038334 0.021686 0.016649 317 MPNN_2Layer
0.007310 0.004378 0.002932 0.040653 0.023373 0.017280 0.038504 0.021884 0.016620 318 MPNN_2Layer
0.007248 0.004358 0.002890 0.039634 0.023058 0.016575 0.038713 0.021804 0.016909 319 MPNN_2Layer
0.007426 0.004380 0.003045 0.041956 0.024524 0.017433 0.040527 0.023334 0.017194 320 MPNN_2Layer
0.007720 0.004449 0.003271 0.039933 0.023024 0.016908 0.038884 0.021775 0.017109 321 MPNN_2Layer
0.007335 0.004370 0.002965 0.039334 0.023031 0.016302 0.038350 0.021790 0.016560 322 MPNN_2Layer
0.007221 0.004331 0.002890 0.039316 0.022881 0.016434 0.038424 0.021705 0.016718 323 MPNN_2Layer
0.007240 0.004331 0.002909 0.039708 0.022950 0.016758 0.038088 0.021541 0.016547 324 MPNN_2Layer
0.007157 0.004316 0.002842 0.039980 0.023006 0.016975 0.038566 0.021682 0.016884 325 MPNN_2Layer
0.007222 0.004317 0.002905 0.039873 0.023130 0.016743 0.038515 0.021642 0.016873 326 MPNN_2Layer
0.007417 0.004363 0.003054 0.040218 0.023426 0.016791 0.039003 0.022070 0.016933 327 MPNN_2Layer
0.007462 0.004366 0.003096 0.040329 0.023045 0.017284 0.038617 0.021532 0.017085 328 MPNN_2Layer
0.007287 0.004326 0.002962 0.040794 0.023557 0.017237 0.038646 0.021856 0.016789 329 MPNN_2Layer
0.007246 0.004315 0.002931 0.039902 0.022986 0.016916 0.038466 0.021587 0.016880 330 MPNN_2Layer
0.007111 0.004280 0.002830 0.039461 0.022807 0.016653 0.038427 0.021523 0.016904 331 MPNN_2Layer
0.007071 0.004273 0.002798 0.039518 0.022876 0.016642 0.038461 0.021591 0.016869 332 MPNN_2Layer
0.007127 0.004284 0.002843 0.039104 0.022676 0.016429 0.037687 0.021405 0.016282 333 MPNN_2Layer
0.007210 0.004284 0.002925 0.039510 0.022642 0.016867 0.038800 0.021460 0.017339 334 MPNN_2Layer
0.007200 0.004278 0.002922 0.039477 0.022839 0.016638 0.038087 0.021361 0.016726 335 MPNN_2Layer
0.007117 0.004263 0.002855 0.039063 0.022699 0.016364 0.037623 0.021331 0.016293 336 MPNN_2Layer
0.007099 0.004251 0.002848 0.039357 0.022898 0.016460 0.037904 0.021418 0.016486 337 MPNN_2Layer
0.007109 0.004262 0.002847 0.039024 0.022646 0.016378 0.038137 0.021394 0.016744 338 MPNN_2Layer
0.007034 0.004234 0.002800 0.039706 0.022835 0.016870 0.038370 0.021354 0.017016 339 MPNN_2Layer
0.007184 0.004249 0.002936 0.039445 0.022623 0.016821 0.038444 0.021376 0.017067 340 MPNN_2Layer
0.007219 0.004245 0.002974 0.039536 0.022890 0.016646 0.037997 0.021212 0.016785 341 MPNN_2Layer
0.007081 0.004235 0.002846 0.038941 0.022716 0.016225 0.038110 0.021364 0.016745 342 MPNN_2Layer
0.007028 0.004225 0.002803 0.039056 0.022636 0.016421 0.037904 0.021313 0.016590 343 MPNN_2Layer
0.007073 0.004229 0.002844 0.039370 0.022824 0.016546 0.037844 0.021271 0.016573 344 MPNN_2Layer
0.007143 0.004242 0.002901 0.039038 0.022575 0.016463 0.037997 0.021240 0.016757 345 MPNN_2Layer
0.007040 0.004229 0.002811 0.039049 0.022775 0.016274 0.037539 0.021306 0.016233 346 MPNN_2Layer
0.007024 0.004212 0.002812 0.039973 0.023257 0.016715 0.038580 0.021828 0.016752 347 MPNN_2Layer
0.007233 0.004250 0.002983 0.038889 0.022591 0.016298 0.037703 0.021186 0.016517 348 MPNN_2Layer
0.007029 0.004202 0.002828 0.039187 0.022671 0.016516 0.037651 0.021203 0.016448 349 MPNN_2Layer
0.007160 0.004207 0.002952 0.039233 0.022663 0.016570 0.038404 0.021212 0.017193 350 MPNN_2Layer
0.006958 0.004193 0.002764 0.039205 0.022719 0.016485 0.037711 0.021109 0.016601 351 MPNN_2Layer
0.007039 0.004195 0.002844 0.038866 0.022578 0.016288 0.037560 0.021097 0.016463 352 MPNN_2Layer
0.006990 0.004190 0.002800 0.039535 0.022878 0.016657 0.038042 0.021413 0.016629 353 MPNN_2Layer
0.007135 0.004224 0.002911 0.039148 0.022796 0.016352 0.037874 0.021178 0.016696 354 MPNN_2Layer
0.006933 0.004182 0.002751 0.039445 0.022799 0.016646 0.038263 0.021228 0.017036 355 MPNN_2Layer
0.007002 0.004182 0.002821 0.039626 0.022980 0.016647 0.038434 0.021595 0.016839 356 MPNN_2Layer
0.007263 0.004237 0.003027 0.039592 0.023080 0.016512 0.038954 0.021785 0.017169 357 MPNN_2Layer
0.007215 0.004206 0.003009 0.038787 0.022528 0.016259 0.037940 0.021149 0.016791 358 MPNN_2Layer
0.007030 0.004194 0.002836 0.039032 0.022642 0.016390 0.037920 0.021238 0.016682 359 MPNN_2Layer
0.007054 0.004184 0.002870 0.038868 0.022505 0.016363 0.037946 0.021147 0.016799 360 MPNN_2Layer
0.006992 0.004170 0.002822 0.038608 0.022472 0.016136 0.037548 0.021131 0.016417 361 MPNN_2Layer
0.006918 0.004157 0.002762 0.038954 0.022588 0.016367 0.037565 0.021031 0.016534 362 MPNN_2Layer
0.007121 0.004164 0.002957 0.038690 0.022489 0.016201 0.037340 0.020899 0.016441 363 MPNN_2Layer
0.007076 0.004175 0.002901 0.038638 0.022444 0.016194 0.037463 0.021064 0.016399 364 MPNN_2Layer
0.006878 0.004137 0.002741 0.038462 0.022520 0.015942 0.037539 0.021071 0.016468 365 MPNN_2Layer
0.006883 0.004132 0.002751 0.038890 0.022637 0.016254 0.037555 0.021029 0.016526 366 MPNN_2Layer
0.006837 0.004123 0.002714 0.038971 0.022572 0.016398 0.037827 0.021101 0.016726 367 MPNN_2Layer
0.006838 0.004126 0.002712 0.038525 0.022520 0.016005 0.037488 0.021063 0.016425 368 MPNN_2Layer
0.006868 0.004131 0.002737 0.038839 0.022581 0.016258 0.037730 0.021020 0.016710 369 MPNN_2Layer
0.006880 0.004122 0.002758 0.038748 0.022461 0.016287 0.037927 0.021036 0.016891 370 MPNN_2Layer
0.006845 0.004120 0.002724 0.038760 0.022452 0.016309 0.037669 0.021062 0.016607 371 MPNN_2Layer
0.006830 0.004113 0.002717 0.038898 0.022499 0.016399 0.037317 0.020792 0.016525 372 MPNN_2Layer
0.006914 0.004124 0.002789 0.039051 0.022583 0.016468 0.037537 0.020822 0.016715 373 MPNN_2Layer
0.006837 0.004107 0.002729 0.038344 0.022400 0.015944 0.037382 0.021077 0.016305 374 MPNN_2Layer
0.006929 0.004126 0.002804 0.038599 0.022458 0.016141 0.037636 0.020965 0.016671 375 MPNN_2Layer
0.006851 0.004110 0.002741 0.038663 0.022396 0.016267 0.037268 0.020815 0.016453 376 MPNN_2Layer
0.006817 0.004108 0.002709 0.038485 0.022346 0.016139 0.037265 0.020782 0.016483 377 MPNN_2Layer
0.006834 0.004101 0.002733 0.038598 0.022396 0.016202 0.037386 0.020854 0.016532 378 MPNN_2Layer
0.006878 0.004104 0.002773 0.038439 0.022392 0.016046 0.037408 0.020844 0.016564 379 MPNN_2Layer
0.006852 0.004090 0.002762 0.039110 0.022569 0.016541 0.037680 0.020989 0.016691 380 MPNN_2Layer
0.006817 0.004094 0.002723 0.038441 0.022456 0.015985 0.037094 0.020793 0.016302 381 MPNN_2Layer
0.006996 0.004118 0.002878 0.039112 0.022642 0.016470 0.037490 0.021057 0.016433 382 MPNN_2Layer
0.007027 0.004130 0.002897 0.038993 0.022578 0.016416 0.037341 0.020899 0.016443 383 MPNN_2Layer
0.006872 0.004090 0.002782 0.038503 0.022371 0.016132 0.036923 0.020651 0.016271 384 MPNN_2Layer
0.006805 0.004080 0.002725 0.038694 0.022471 0.016223 0.037074 0.020706 0.016368 385 MPNN_2Layer
0.006881 0.004095 0.002786 0.038796 0.022509 0.016286 0.037775 0.021119 0.016656 386 MPNN_2Layer
0.006853 0.004082 0.002771 0.038744 0.022482 0.016262 0.037268 0.020877 0.016391 387 MPNN_2Layer
0.006901 0.004089 0.002813 0.038501 0.022410 0.016090 0.037185 0.020928 0.016257 388 MPNN_2Layer
0.006783 0.004071 0.002712 0.038583 0.022375 0.016208 0.037093 0.020708 0.016385 389 MPNN_2Layer
0.006765 0.004065 0.002700 0.038830 0.022506 0.016324 0.037292 0.020895 0.016397 390 MPNN_2Layer
0.006968 0.004094 0.002874 0.039578 0.022727 0.016850 0.037766 0.021038 0.016728 391 MPNN_2Layer
0.006816 0.004060 0.002757 0.038594 0.022428 0.016166 0.037007 0.020650 0.016357 392 MPNN_2Layer
0.006720 0.004050 0.002670 0.038667 0.022439 0.016227 0.037305 0.020821 0.016484 393 MPNN_2Layer
0.006759 0.004060 0.002699 0.038655 0.022446 0.016210 0.037177 0.020730 0.016447 394 MPNN_2Layer
0.006790 0.004054 0.002736 0.038975 0.022561 0.016414 0.036978 0.020713 0.016265 395 MPNN_2Layer
0.006872 0.004060 0.002812 0.038566 0.022435 0.016131 0.036946 0.020648 0.016298 396 MPNN_2Layer
0.006767 0.004043 0.002724 0.038580 0.022378 0.016203 0.037067 0.020680 0.016387 397 MPNN_2Layer
0.006738 0.004034 0.002704 0.038888 0.022574 0.016314 0.037115 0.020879 0.016236 398 MPNN_2Layer
0.006808 0.004039 0.002768 0.038929 0.022580 0.016349 0.037283 0.020932 0.016351 399 MPNN_2Layer
0.006844 0.004061 0.002783 0.038691 0.022424 0.016267 0.036795 0.020590 0.016205 400 MPNN_2Layer
0.006695 0.004020 0.002676 0.038777 0.022439 0.016338 0.037208 0.020784 0.016424 401 MPNN_2Layer
0.006734 0.004033 0.002701 0.038647 0.022415 0.016232 0.036793 0.020553 0.016240 402 MPNN_2Layer
0.006705 0.004027 0.002678 0.038603 0.022385 0.016219 0.036827 0.020558 0.016269 403 MPNN_2Layer
0.006678 0.004012 0.002666 0.038166 0.022276 0.015890 0.036783 0.020589 0.016194 404 MPNN_2Layer
0.006687 0.004022 0.002665 0.038902 0.022528 0.016374 0.036942 0.020670 0.016272 405 MPNN_2Layer
0.006703 0.004014 0.002690 0.038705 0.022355 0.016350 0.036833 0.020511 0.016322 406 MPNN_2Layer
0.006666 0.004002 0.002664 0.038717 0.022405 0.016311 0.037053 0.020636 0.016417 407 MPNN_2Layer
0.006785 0.004032 0.002753 0.038712 0.022420 0.016293 0.036958 0.020667 0.016290 408 MPNN_2Layer
0.006817 0.004036 0.002782 0.038465 0.022335 0.016130 0.037152 0.020802 0.016349 409 MPNN_2Layer
0.006692 0.004013 0.002679 0.038387 0.022339 0.016048 0.036841 0.020599 0.016242 410 MPNN_2Layer
0.006654 0.004005 0.002649 0.038727 0.022483 0.016244 0.036889 0.020648 0.016241 411 MPNN_2Layer
0.006661 0.003996 0.002665 0.038253 0.022289 0.015964 0.036790 0.020563 0.016226 412 MPNN_2Layer
0.006691 0.003997 0.002695 0.038663 0.022363 0.016300 0.036761 0.020550 0.016212 413 MPNN_2Layer
0.006691 0.003993 0.002698 0.038668 0.022379 0.016289 0.036677 0.020471 0.016205 414 MPNN_2Layer
0.006641 0.003989 0.002652 0.038398 0.022316 0.016082 0.036651 0.020508 0.016143 415 MPNN_2Layer
0.006618 0.003985 0.002632 0.038956 0.022500 0.016456 0.037154 0.020637 0.016516 416 MPNN_2Layer
0.006745 0.004007 0.002738 0.038717 0.022364 0.016353 0.036665 0.020463 0.016202 417 MPNN_2Layer
0.006856 0.004034 0.002822 0.038615 0.022337 0.016278 0.036658 0.020436 0.016222 418 MPNN_2Layer
0.006628 0.003977 0.002652 0.039157 0.022566 0.016591 0.037272 0.020712 0.016560 419 MPNN_2Layer
0.006645 0.003981 0.002664 0.038666 0.022372 0.016294 0.036621 0.020460 0.016160 420 MPNN_2Layer
0.006606 0.003970 0.002636 0.038799 0.022423 0.016376 0.036741 0.020461 0.016281 421 MPNN_2Layer
0.006707 0.003994 0.002714 0.038759 0.022452 0.016306 0.036725 0.020525 0.016200 422 MPNN_2Layer
0.006687 0.003982 0.002705 0.038801 0.022406 0.016395 0.036990 0.020523 0.016467 423 MPNN_2Layer
0.006698 0.003963 0.002735 0.038833 0.022404 0.016429 0.036848 0.020456 0.016392 424 MPNN_2Layer
0.006629 0.003965 0.002664 0.038558 0.022347 0.016211 0.036647 0.020412 0.016235 425 MPNN_2Layer
0.006633 0.003961 0.002673 0.038924 0.022461 0.016463 0.036751 0.020485 0.016266 426 MPNN_2Layer
0.006649 0.003970 0.002679 0.039031 0.022558 0.016473 0.036874 0.020669 0.016205 427 MPNN_2Layer
0.006623 0.003966 0.002657 0.038595 0.022334 0.016261 0.036413 0.020328 0.016085 428 MPNN_2Layer
0.006627 0.003968 0.002659 0.038900 0.022457 0.016443 0.036764 0.020431 0.016333 429 MPNN_2Layer
0.006651 0.003958 0.002693 0.038935 0.022414 0.016520 0.037007 0.020523 0.016484 430 MPNN_2Layer
0.006659 0.003959 0.002700 0.038604 0.022354 0.016250 0.036525 0.020375 0.016150 431 MPNN_2Layer
0.006582 0.003949 0.002634 0.038749 0.022420 0.016329 0.036543 0.020415 0.016128 432 MPNN_2Layer
0.006543 0.003947 0.002597 0.038634 0.022334 0.016300 0.036547 0.020411 0.016135 433 MPNN_2Layer
0.006564 0.003939 0.002625 0.038941 0.022462 0.016478 0.036976 0.020519 0.016457 434 MPNN_2Layer
0.006638 0.003953 0.002685 0.038757 0.022360 0.016398 0.036778 0.020417 0.016361 435 MPNN_2Layer
0.006606 0.003945 0.002660 0.038793 0.022376 0.016418 0.036683 0.020411 0.016272 436 MPNN_2Layer
0.006538 0.003932 0.002606 0.038628 0.022309 0.016319 0.036694 0.020419 0.016275 437 MPNN_2Layer
0.006597 0.003937 0.002660 0.039497 0.022665 0.016832 0.037375 0.020684 0.016690 438 MPNN_2Layer
0.006531 0.003922 0.002609 0.038632 0.022297 0.016335 0.036717 0.020438 0.016278 439 MPNN_2Layer
0.006596 0.003933 0.002663 0.038601 0.022295 0.016306 0.036547 0.020370 0.016177 440 MPNN_2Layer
0.006519 0.003920 0.002600 0.038663 0.022207 0.016456 0.036645 0.020404 0.016241 441 MPNN_2Layer
0.006524 0.003925 0.002598 0.038696 0.022286 0.016410 0.036723 0.020447 0.016276 442 MPNN_2Layer
0.006514 0.003915 0.002599 0.038695 0.022235 0.016460 0.036802 0.020449 0.016353 443 MPNN_2Layer
0.006527 0.003921 0.002606 0.038507 0.022231 0.016276 0.036341 0.020307 0.016034 444 MPNN_2Layer
0.006503 0.003917 0.002587 0.038594 0.022227 0.016367 0.036439 0.020338 0.016101 445 MPNN_2Layer
0.006545 0.003925 0.002619 0.038894 0.022388 0.016507 0.036609 0.020366 0.016243 446 MPNN_2Layer
0.006565 0.003931 0.002634 0.038525 0.022205 0.016320 0.036541 0.020381 0.016159 447 MPNN_2Layer
0.006496 0.003908 0.002588 0.039691 0.022660 0.017031 0.037350 0.020605 0.016745 448 MPNN_2Layer
0.006556 0.003921 0.002635 0.038692 0.022316 0.016376 0.036258 0.020247 0.016011 449 MPNN_2Layer
0.006628 0.003913 0.002716 0.038841 0.022357 0.016484 0.036797 0.020407 0.016390 450 MPNN_2Layer
0.006541 0.003909 0.002632 0.038729 0.022326 0.016403 0.036593 0.020340 0.016253 451 MPNN_2Layer
0.006588 0.003920 0.002668 0.039089 0.022498 0.016591 0.036473 0.020303 0.016170 452 MPNN_2Layer
0.006567 0.003916 0.002651 0.038636 0.022223 0.016413 0.036794 0.020466 0.016328 453 MPNN_2Layer
0.006484 0.003899 0.002585 0.039380 0.022422 0.016958 0.037085 0.020519 0.016567 454 MPNN_2Layer
0.006492 0.003901 0.002591 0.038764 0.022310 0.016454 0.036535 0.020353 0.016182 455 MPNN_2Layer
0.006468 0.003902 0.002566 0.038913 0.022476 0.016437 0.036526 0.020392 0.016134 456 MPNN_2Layer
0.006498 0.003903 0.002595 0.038633 0.022306 0.016327 0.036546 0.020362 0.016184 457 MPNN_2Layer
0.006485 0.003894 0.002591 0.038636 0.022297 0.016339 0.036328 0.020272 0.016056 458 MPNN_2Layer
0.006542 0.003909 0.002633 0.039583 0.022608 0.016975 0.037173 0.020564 0.016609 459 MPNN_2Layer
0.006499 0.003902 0.002597 0.039252 0.022529 0.016723 0.037014 0.020534 0.016480 460 MPNN_2Layer
0.006587 0.003911 0.002676 0.038977 0.022380 0.016597 0.036879 0.020549 0.016330 461 MPNN_2Layer
0.006499 0.003896 0.002603 0.039067 0.022461 0.016607 0.036885 0.020549 0.016337 462 MPNN_2Layer
0.006535 0.003898 0.002637 0.038743 0.022282 0.016461 0.036641 0.020424 0.016218 463 MPNN_2Layer
0.006450 0.003888 0.002562 0.039106 0.022407 0.016698 0.037069 0.020498 0.016571 464 MPNN_2Layer
0.006511 0.003899 0.002613 0.039059 0.022419 0.016640 0.036752 0.020404 0.016348 465 MPNN_2Layer
0.006513 0.003897 0.002616 0.039076 0.022410 0.016666 0.036671 0.020373 0.016298 466 MPNN_2Layer
0.006498 0.003890 0.002608 0.038896 0.022403 0.016493 0.036520 0.020363 0.016157 467 MPNN_2Layer
0.006464 0.003878 0.002586 0.038922 0.022431 0.016492 0.036363 0.020267 0.016096 468 MPNN_2Layer
0.006433 0.003874 0.002559 0.038605 0.022238 0.016367 0.036531 0.020370 0.016161 469 MPNN_2Layer
0.006419 0.003875 0.002544 0.038924 0.022348 0.016576 0.036720 0.020401 0.016319 470 MPNN_2Layer
0.006445 0.003874 0.002570 0.039056 0.022417 0.016639 0.036709 0.020442 0.016266 471 MPNN_2Layer
0.006461 0.003875 0.002586 0.039363 0.022518 0.016846 0.036906 0.020394 0.016512 472 MPNN_2Layer
0.006431 0.003876 0.002555 0.038560 0.022184 0.016376 0.036441 0.020296 0.016145 473 MPNN_2Layer
0.006429 0.003868 0.002560 0.039279 0.022420 0.016859 0.037265 0.020617 0.016648 474 MPNN_2Layer
0.006430 0.003875 0.002555 0.038959 0.022356 0.016603 0.037145 0.020636 0.016509 475 MPNN_2Layer
0.006438 0.003876 0.002562 0.039109 0.022411 0.016697 0.036946 0.020480 0.016466 476 MPNN_2Layer
0.006408 0.003866 0.002543 0.038944 0.022365 0.016579 0.036741 0.020419 0.016321 477 MPNN_2Layer
0.006439 0.003875 0.002564 0.038572 0.022167 0.016405 0.036382 0.020256 0.016126 478 MPNN_2Layer
0.006424 0.003863 0.002562 0.039302 0.022496 0.016806 0.037289 0.020559 0.016730 479 MPNN_2Layer
0.006458 0.003870 0.002588 0.038825 0.022349 0.016476 0.036833 0.020401 0.016432 480 MPNN_2Layer
0.006408 0.003860 0.002548 0.038796 0.022244 0.016552 0.036573 0.020379 0.016194 481 MPNN_2Layer
0.006423 0.003864 0.002559 0.038977 0.022356 0.016621 0.036718 0.020373 0.016345 482 MPNN_2Layer
0.006390 0.003858 0.002532 0.038813 0.022242 0.016571 0.036580 0.020337 0.016244 483 MPNN_2Layer
0.006398 0.003861 0.002537 0.038711 0.022309 0.016402 0.036432 0.020320 0.016113 484 MPNN_2Layer
0.006400 0.003857 0.002543 0.038887 0.022230 0.016657 0.036918 0.020426 0.016492 485 MPNN_2Layer
0.006408 0.003855 0.002553 0.038855 0.022264 0.016591 0.036789 0.020374 0.016415 486 MPNN_2Layer
0.006402 0.003852 0.002550 0.038938 0.022234 0.016704 0.036978 0.020450 0.016528 487 MPNN_2Layer
0.006382 0.003851 0.002531 0.038434 0.022090 0.016344 0.036253 0.020197 0.016057 488 MPNN_2Layer
0.006385 0.003850 0.002535 0.038628 0.022291 0.016337 0.036360 0.020250 0.016109 489 MPNN_2Layer
0.006391 0.003853 0.002538 0.038378 0.022123 0.016254 0.036183 0.020231 0.015952 490 MPNN_2Layer
0.006378 0.003848 0.002530 0.038754 0.022179 0.016575 0.036790 0.020363 0.016427 491 MPNN_2Layer
0.006380 0.003849 0.002530 0.038466 0.022153 0.016313 0.036167 0.020193 0.015973 492 MPNN_2Layer
0.006388 0.003846 0.002542 0.038454 0.022153 0.016301 0.036175 0.020178 0.015997 493 MPNN_2Layer
0.006386 0.003850 0.002536 0.038702 0.022215 0.016487 0.036605 0.020339 0.016265 494 MPNN_2Layer
0.006364 0.003841 0.002524 0.038667 0.022181 0.016486 0.036516 0.020296 0.016219 495 MPNN_2Layer
0.006397 0.003852 0.002545 0.038366 0.022088 0.016278 0.036214 0.020202 0.016013 496 MPNN_2Layer
0.006484 0.003870 0.002614 0.038779 0.022233 0.016546 0.036604 0.020313 0.016291 497 MPNN_2Layer
0.006403 0.003852 0.002551 0.038762 0.022222 0.016540 0.036866 0.020419 0.016447 498 MPNN_2Layer
0.006378 0.003846 0.002532 0.038799 0.022244 0.016556 0.036823 0.020404 0.016419 499 MPNN_2Layer
0.006406 0.003848 0.002558 0.038629 0.022193 0.016435 0.036589 0.020305 0.016284 500 MPNN_2Layer
0.006373 0.003838 0.002534 0.038772 0.022181 0.016591 0.036761 0.020368 0.016393 501 MPNN_2Layer
0.006374 0.003845 0.002529 0.038612 0.022252 0.016360 0.036372 0.020246 0.016126 502 MPNN_2Layer
0.006398 0.003845 0.002553 0.038885 0.022243 0.016643 0.036795 0.020366 0.016430 503 MPNN_2Layer
0.006366 0.003842 0.002524 0.038728 0.022254 0.016474 0.036575 0.020300 0.016275 504 MPNN_2Layer
0.006354 0.003837 0.002517 0.038927 0.022337 0.016590 0.036852 0.020421 0.016431 505 MPNN_2Layer
0.006350 0.003836 0.002514 0.038830 0.022220 0.016610 0.036904 0.020405 0.016499 506 MPNN_2Layer
0.006369 0.003839 0.002530 0.038715 0.022187 0.016528 0.036574 0.020302 0.016271 507 MPNN_2Layer
0.006406 0.003844 0.002561 0.038469 0.022150 0.016319 0.036713 0.020407 0.016306 508 MPNN_2Layer
0.006418 0.003846 0.002572 0.038772 0.022226 0.016546 0.036749 0.020362 0.016387 509 MPNN_2Layer
0.006347 0.003835 0.002512 0.038678 0.022175 0.016502 0.036688 0.020358 0.016330 510 MPNN_2Layer
0.006330 0.003826 0.002504 0.038639 0.022160 0.016479 0.036697 0.020360 0.016337 511 MPNN_2Layer
0.006345 0.003828 0.002518 0.039092 0.022417 0.016675 0.036983 0.020475 0.016509 512 MPNN_2Layer
0.006342 0.003830 0.002512 0.038519 0.022150 0.016368 0.036577 0.020302 0.016275 513 MPNN_2Layer
0.006341 0.003828 0.002513 0.038763 0.022190 0.016573 0.036784 0.020369 0.016415 514 MPNN_2Layer
0.006353 0.003833 0.002521 0.038857 0.022198 0.016659 0.036854 0.020392 0.016462 515 MPNN_2Layer
0.006347 0.003827 0.002519 0.038693 0.022183 0.016511 0.036841 0.020415 0.016426 516 MPNN_2Layer
0.006334 0.003826 0.002507 0.038844 0.022208 0.016636 0.036868 0.020400 0.016468 517 MPNN_2Layer
0.006351 0.003829 0.002522 0.038802 0.022227 0.016575 0.036719 0.020335 0.016383 518 MPNN_2Layer
0.006342 0.003827 0.002515 0.038864 0.022219 0.016644 0.036983 0.020448 0.016536 519 MPNN_2Layer
0.006320 0.003823 0.002497 0.038725 0.022153 0.016572 0.036742 0.020353 0.016389 520 MPNN_2Layer
0.006332 0.003821 0.002511 0.038801 0.022195 0.016606 0.037006 0.020473 0.016533 521 MPNN_2Layer
0.006340 0.003823 0.002517 0.038935 0.022346 0.016589 0.036768 0.020353 0.016414 522 MPNN_2Layer
0.006349 0.003827 0.002522 0.038750 0.022173 0.016577 0.036842 0.020376 0.016466 523 MPNN_2Layer
0.006313 0.003816 0.002497 0.038443 0.022111 0.016332 0.036464 0.020265 0.016199 524 MPNN_2Layer
0.006315 0.003818 0.002497 0.038772 0.022174 0.016598 0.036765 0.020356 0.016409 525 MPNN_2Layer
0.006323 0.003815 0.002509 0.038888 0.022214 0.016674 0.036972 0.020434 0.016538 526 MPNN_2Layer
0.006335 0.003822 0.002514 0.038827 0.022199 0.016628 0.037000 0.020461 0.016539 527 MPNN_2Layer
0.006349 0.003826 0.002523 0.038720 0.022157 0.016563 0.036692 0.020315 0.016377 528 MPNN_2Layer
0.006311 0.003816 0.002495 0.038697 0.022165 0.016532 0.036744 0.020339 0.016406 529 MPNN_2Layer
0.006316 0.003818 0.002498 0.038750 0.022175 0.016574 0.036752 0.020341 0.016411 530 MPNN_2Layer
0.006315 0.003816 0.002499 0.038445 0.022110 0.016335 0.036405 0.020233 0.016171 531 MPNN_2Layer
0.006326 0.003819 0.002506 0.038780 0.022176 0.016603 0.036822 0.020393 0.016430 532 MPNN_2Layer
0.006312 0.003813 0.002499 0.038888 0.022200 0.016688 0.037033 0.020444 0.016588 533 MPNN_2Layer
0.006328 0.003819 0.002509 0.038748 0.022183 0.016566 0.036822 0.020370 0.016452 534 MPNN_2Layer
0.006310 0.003818 0.002492 0.038835 0.022233 0.016603 0.036808 0.020363 0.016445 535 MPNN_2Layer
0.006318 0.003820 0.002498 0.038547 0.022182 0.016365 0.036651 0.020319 0.016332 536 MPNN_2Layer
0.006314 0.003811 0.002503 0.038377 0.022098 0.016279 0.036508 0.020262 0.016246 537 MPNN_2Layer
0.006322 0.003819 0.002503 0.038474 0.022116 0.016357 0.036564 0.020296 0.016268 538 MPNN_2Layer
0.006310 0.003814 0.002496 0.038704 0.022160 0.016544 0.036705 0.020355 0.016350 539 MPNN_2Layer
0.006307 0.003815 0.002493 0.038892 0.022240 0.016652 0.036982 0.020425 0.016557 540 MPNN_2Layer
0.006322 0.003814 0.002508 0.038881 0.022194 0.016687 0.036970 0.020414 0.016556 541 MPNN_2Layer
0.006309 0.003812 0.002497 0.038805 0.022186 0.016620 0.036899 0.020411 0.016488 542 MPNN_2Layer