0.514071 0.242489 0.271582 0.445481 0.222679 0.222802 0.456832 0.227927 0.228905 1 MPNN_Structure2Vec
0.357623 0.187695 0.169927 0.310879 0.164229 0.146650 0.320501 0.170485 0.150016 2 MPNN_Structure2Vec
0.279810 0.149656 0.130154 0.249181 0.137851 0.111330 0.259748 0.142757 0.116991 3 MPNN_Structure2Vec
0.225590 0.128035 0.097554 0.213093 0.123325 0.089768 0.222993 0.128510 0.094483 4 MPNN_Structure2Vec
0.190476 0.111710 0.078767 0.197681 0.115673 0.082009 0.206239 0.120797 0.085442 5 MPNN_Structure2Vec
0.158717 0.093860 0.064857 0.204519 0.117218 0.087301 0.212224 0.122634 0.089590 6 MPNN_Structure2Vec
0.128020 0.074446 0.053573 0.224366 0.135641 0.088725 0.230545 0.140035 0.090510 7 MPNN_Structure2Vec
0.109992 0.064682 0.045311 0.210597 0.132109 0.078489 0.221189 0.136837 0.084351 8 MPNN_Structure2Vec
0.099875 0.059447 0.040428 0.208756 0.126810 0.081946 0.216143 0.130559 0.085584 9 MPNN_Structure2Vec
0.094746 0.056528 0.038219 0.217145 0.130577 0.086568 0.224315 0.134297 0.090018 10 MPNN_Structure2Vec
0.091080 0.054306 0.036774 0.191607 0.115026 0.076581 0.197838 0.118770 0.079068 11 MPNN_Structure2Vec
0.093817 0.053757 0.040060 0.194914 0.114328 0.080586 0.199809 0.117975 0.081834 12 MPNN_Structure2Vec
0.086513 0.050571 0.035942 0.192608 0.118616 0.073992 0.204021 0.124499 0.079522 13 MPNN_Structure2Vec
0.083247 0.049661 0.033586 0.188588 0.115033 0.073556 0.194730 0.119359 0.075370 14 MPNN_Structure2Vec
0.082773 0.049420 0.033353 0.179199 0.110594 0.068606 0.184709 0.114202 0.070506 15 MPNN_Structure2Vec
0.082739 0.048988 0.033751 0.192693 0.116119 0.076574 0.201992 0.120238 0.081754 16 MPNN_Structure2Vec
0.080305 0.047467 0.032837 0.183521 0.110512 0.073008 0.190177 0.114700 0.075477 17 MPNN_Structure2Vec
0.077928 0.046245 0.031683 0.185845 0.116494 0.069350 0.200268 0.123141 0.077127 18 MPNN_Structure2Vec
0.077570 0.046147 0.031423 0.176733 0.112004 0.064729 0.190456 0.117450 0.073006 19 MPNN_Structure2Vec
0.077417 0.045635 0.031781 0.186100 0.109411 0.076689 0.192414 0.113155 0.079259 20 MPNN_Structure2Vec
0.076397 0.043988 0.032409 0.185597 0.111880 0.073717 0.197043 0.116625 0.080417 21 MPNN_Structure2Vec
0.073340 0.043994 0.029346 0.176010 0.107617 0.068392 0.187898 0.112401 0.075496 22 MPNN_Structure2Vec
0.070806 0.042489 0.028317 0.184075 0.113249 0.070827 0.198333 0.118060 0.080273 23 MPNN_Structure2Vec
0.070932 0.042381 0.028551 0.175968 0.109686 0.066282 0.192394 0.116001 0.076394 24 MPNN_Structure2Vec
0.072246 0.042492 0.029754 0.172760 0.104431 0.068329 0.181144 0.108060 0.073084 25 MPNN_Structure2Vec
0.068275 0.041116 0.027158 0.174850 0.106279 0.068571 0.188074 0.111735 0.076339 26 MPNN_Structure2Vec
0.066431 0.040291 0.026140 0.172624 0.106114 0.066510 0.182364 0.110734 0.071630 27 MPNN_Structure2Vec
0.065527 0.039834 0.025694 0.174221 0.105708 0.068513 0.185582 0.110720 0.074862 28 MPNN_Structure2Vec
0.067763 0.041102 0.026661 0.180601 0.106580 0.074020 0.187495 0.110072 0.077423 29 MPNN_Structure2Vec
0.067239 0.041018 0.026221 0.166083 0.101998 0.064085 0.177778 0.106521 0.071257 30 MPNN_Structure2Vec
0.064522 0.039535 0.024988 0.172703 0.104997 0.067706 0.187824 0.110857 0.076967 31 MPNN_Structure2Vec
0.064220 0.039182 0.025038 0.173412 0.106013 0.067399 0.187137 0.111007 0.076130 32 MPNN_Structure2Vec
0.062110 0.038276 0.023834 0.166667 0.102587 0.064080 0.175301 0.106585 0.068716 33 MPNN_Structure2Vec
0.062254 0.038279 0.023975 0.167691 0.102631 0.065060 0.182316 0.107972 0.074344 34 MPNN_Structure2Vec
0.064990 0.039713 0.025277 0.171669 0.103231 0.068438 0.186826 0.108776 0.078050 35 MPNN_Structure2Vec
0.062968 0.038354 0.024614 0.168369 0.102109 0.066260 0.179605 0.107019 0.072586 36 MPNN_Structure2Vec
0.060368 0.037380 0.022987 0.171431 0.104746 0.066685 0.184063 0.109733 0.074330 37 MPNN_Structure2Vec
0.059778 0.036884 0.022894 0.167889 0.101780 0.066109 0.178058 0.106275 0.071782 38 MPNN_Structure2Vec
0.059379 0.037137 0.022242 0.168404 0.103092 0.065312 0.184186 0.108814 0.075372 39 MPNN_Structure2Vec
0.060155 0.037320 0.022835 0.171280 0.105407 0.065873 0.182546 0.109995 0.072550 40 MPNN_Structure2Vec
0.060361 0.037017 0.023345 0.163843 0.101109 0.062733 0.176289 0.106073 0.070216 41 MPNN_Structure2Vec
0.057904 0.036206 0.021698 0.166562 0.102070 0.064492 0.183014 0.108308 0.074706 42 MPNN_Structure2Vec
0.057886 0.036148 0.021738 0.163701 0.100844 0.062857 0.177629 0.106377 0.071252 43 MPNN_Structure2Vec
0.057205 0.035584 0.021620 0.169439 0.103876 0.065563 0.183190 0.109175 0.074015 44 MPNN_Structure2Vec
0.056569 0.035420 0.021149 0.168709 0.104650 0.064059 0.181533 0.109762 0.071771 45 MPNN_Structure2Vec
0.056310 0.035121 0.021189 0.161393 0.099598 0.061795 0.173121 0.104274 0.068847 46 MPNN_Structure2Vec
0.056170 0.034961 0.021209 0.166549 0.101244 0.065305 0.177900 0.106059 0.071842 47 MPNN_Structure2Vec
0.056351 0.035127 0.021225 0.161924 0.099882 0.062041 0.172923 0.104422 0.068501 48 MPNN_Structure2Vec
0.056062 0.035092 0.020970 0.166836 0.102853 0.063984 0.178480 0.107640 0.070840 49 MPNN_Structure2Vec
0.056433 0.035434 0.020999 0.165687 0.101480 0.064208 0.176964 0.106258 0.070706 50 MPNN_Structure2Vec
0.055012 0.034700 0.020312 0.162103 0.099969 0.062135 0.172879 0.104740 0.068139 51 MPNN_Structure2Vec
0.055286 0.034956 0.020329 0.162890 0.099930 0.062959 0.172919 0.104222 0.068697 52 MPNN_Structure2Vec
0.053946 0.034216 0.019730 0.161883 0.099601 0.062282 0.172288 0.104197 0.068092 53 MPNN_Structure2Vec
0.055332 0.034613 0.020718 0.161399 0.100154 0.061245 0.173635 0.105516 0.068119 54 MPNN_Structure2Vec
0.055366 0.034830 0.020535 0.159663 0.098693 0.060970 0.170400 0.103334 0.067067 55 MPNN_Structure2Vec
0.054051 0.034068 0.019983 0.164671 0.100573 0.064097 0.174663 0.104910 0.069753 56 MPNN_Structure2Vec
0.053073 0.033781 0.019292 0.159941 0.099401 0.060540 0.170496 0.104043 0.066453 57 MPNN_Structure2Vec
0.056246 0.034205 0.022041 0.160880 0.099588 0.061292 0.174234 0.104643 0.069591 58 MPNN_Structure2Vec
0.055680 0.034371 0.021309 0.163782 0.099323 0.064458 0.172606 0.103499 0.069107 59 MPNN_Structure2Vec
0.053530 0.033395 0.020135 0.160494 0.099408 0.061087 0.171211 0.103980 0.067231 60 MPNN_Structure2Vec
0.052210 0.033118 0.019092 0.160762 0.100029 0.060733 0.172145 0.104886 0.067259 61 MPNN_Structure2Vec
0.052367 0.032951 0.019416 0.158067 0.098652 0.059415 0.169546 0.103468 0.066078 62 MPNN_Structure2Vec
0.053529 0.033194 0.020335 0.159169 0.099357 0.059812 0.170122 0.104220 0.065902 63 MPNN_Structure2Vec
0.051534 0.032712 0.018822 0.158165 0.098124 0.060040 0.169365 0.103016 0.066349 64 MPNN_Structure2Vec
0.051349 0.032743 0.018606 0.159660 0.098754 0.060906 0.169799 0.103164 0.066635 65 MPNN_Structure2Vec
0.053336 0.033807 0.019528 0.160369 0.099403 0.060966 0.172806 0.104432 0.068374 66 MPNN_Structure2Vec
0.053206 0.033465 0.019741 0.160426 0.099486 0.060940 0.171732 0.104456 0.067276 67 MPNN_Structure2Vec
0.051001 0.032537 0.018465 0.156187 0.097297 0.058890 0.166552 0.101859 0.064693 68 MPNN_Structure2Vec
0.051089 0.032588 0.018501 0.159697 0.099868 0.059829 0.171180 0.104815 0.066365 69 MPNN_Structure2Vec
0.050351 0.032012 0.018339 0.159888 0.099967 0.059921 0.168419 0.103659 0.064761 70 MPNN_Structure2Vec
0.051112 0.032509 0.018603 0.155883 0.097649 0.058234 0.166863 0.102129 0.064733 71 MPNN_Structure2Vec
0.051474 0.032374 0.019100 0.158537 0.098879 0.059658 0.168932 0.103396 0.065535 72 MPNN_Structure2Vec
0.050328 0.031945 0.018383 0.156683 0.097386 0.059297 0.167017 0.102057 0.064960 73 MPNN_Structure2Vec
0.049732 0.031659 0.018074 0.158161 0.098081 0.060080 0.168915 0.102907 0.066009 74 MPNN_Structure2Vec
0.050516 0.032265 0.018251 0.157195 0.098133 0.059062 0.167612 0.102510 0.065102 75 MPNN_Structure2Vec
0.048837 0.031336 0.017502 0.162848 0.101530 0.061319 0.170794 0.105027 0.065766 76 MPNN_Structure2Vec
0.050207 0.031644 0.018563 0.156953 0.098075 0.058878 0.167869 0.102716 0.065153 77 MPNN_Structure2Vec
0.049595 0.031254 0.018341 0.156438 0.097827 0.058611 0.167011 0.102427 0.064585 78 MPNN_Structure2Vec
0.048648 0.031122 0.017526 0.156950 0.097722 0.059228 0.166396 0.101738 0.064658 79 MPNN_Structure2Vec
0.048582 0.031133 0.017450 0.156034 0.097669 0.058365 0.166179 0.102024 0.064154 80 MPNN_Structure2Vec
0.048156 0.030938 0.017218 0.155941 0.097224 0.058717 0.166564 0.101978 0.064586 81 MPNN_Structure2Vec
0.050429 0.031838 0.018591 0.157578 0.098696 0.058882 0.166761 0.102264 0.064497 82 MPNN_Structure2Vec
0.050452 0.031514 0.018938 0.156868 0.097488 0.059380 0.167368 0.102195 0.065173 83 MPNN_Structure2Vec
0.048937 0.030888 0.018049 0.156189 0.097046 0.059143 0.166763 0.101973 0.064790 84 MPNN_Structure2Vec
0.049202 0.031190 0.018012 0.157564 0.098050 0.059514 0.167898 0.102591 0.065307 85 MPNN_Structure2Vec
0.048276 0.030654 0.017623 0.159183 0.098006 0.061177 0.169897 0.102882 0.067015 86 MPNN_Structure2Vec
0.047671 0.030489 0.017181 0.156283 0.097383 0.058900 0.166958 0.101927 0.065032 87 MPNN_Structure2Vec
0.047788 0.030663 0.017125 0.156407 0.097305 0.059102 0.167138 0.102019 0.065119 88 MPNN_Structure2Vec
0.048534 0.031062 0.017472 0.159088 0.098321 0.060767 0.169986 0.103019 0.066967 89 MPNN_Structure2Vec
0.047494 0.030491 0.017003 0.158386 0.098384 0.060002 0.169221 0.103362 0.065859 90 MPNN_Structure2Vec
0.047640 0.030585 0.017055 0.155230 0.096934 0.058296 0.166005 0.101899 0.064106 91 MPNN_Structure2Vec
0.047673 0.030442 0.017232 0.156464 0.097363 0.059101 0.167034 0.102037 0.064996 92 MPNN_Structure2Vec
0.046985 0.030187 0.016797 0.157900 0.097408 0.060493 0.167691 0.102077 0.065614 93 MPNN_Structure2Vec
0.047273 0.030220 0.017053 0.157284 0.097619 0.059665 0.167821 0.102303 0.065518 94 MPNN_Structure2Vec
0.047509 0.030353 0.017155 0.157402 0.097616 0.059786 0.168262 0.102178 0.066084 95 MPNN_Structure2Vec
0.048195 0.030309 0.017886 0.156563 0.097150 0.059413 0.167087 0.101931 0.065155 96 MPNN_Structure2Vec
0.046503 0.029902 0.016601 0.155757 0.097080 0.058677 0.166524 0.101829 0.064694 97 MPNN_Structure2Vec
0.046164 0.029788 0.016376 0.156188 0.097399 0.058789 0.166294 0.101770 0.064524 98 MPNN_Structure2Vec
0.047704 0.030316 0.017388 0.157270 0.097656 0.059614 0.167781 0.102228 0.065553 99 MPNN_Structure2Vec
0.046950 0.030226 0.016724 0.159581 0.098475 0.061106 0.168631 0.102943 0.065688 100 MPNN_Structure2Vec
0.046346 0.029733 0.016612 0.158102 0.097784 0.060318 0.168044 0.102388 0.065655 101 MPNN_Structure2Vec
0.046761 0.029908 0.016854 0.157005 0.097520 0.059485 0.166861 0.102076 0.064784 102 MPNN_Structure2Vec
0.046546 0.029906 0.016640 0.157179 0.097676 0.059503 0.166867 0.102050 0.064817 103 MPNN_Structure2Vec
0.045474 0.029325 0.016149 0.156127 0.097048 0.059080 0.166006 0.101551 0.064456 104 MPNN_Structure2Vec
0.046079 0.029506 0.016574 0.155995 0.097079 0.058916 0.166399 0.101815 0.064583 105 MPNN_Structure2Vec
0.046189 0.029451 0.016738 0.156113 0.097416 0.058696 0.165981 0.101583 0.064398 106 MPNN_Structure2Vec
0.046212 0.029744 0.016468 0.156997 0.097174 0.059823 0.167551 0.101986 0.065566 107 MPNN_Structure2Vec
0.045471 0.029409 0.016062 0.159421 0.098824 0.060597 0.168003 0.102333 0.065670 108 MPNN_Structure2Vec
0.045848 0.029519 0.016328 0.157116 0.097227 0.059889 0.168144 0.102224 0.065920 109 MPNN_Structure2Vec
0.046818 0.029828 0.016990 0.162255 0.099135 0.063120 0.171496 0.103351 0.068145 110 MPNN_Structure2Vec
0.046116 0.029577 0.016539 0.159110 0.098010 0.061099 0.167772 0.101965 0.065807 111 MPNN_Structure2Vec
0.045525 0.029277 0.016248 0.155661 0.096915 0.058746 0.166866 0.101739 0.065127 112 MPNN_Structure2Vec
0.045323 0.029399 0.015924 0.158476 0.097651 0.060825 0.169146 0.102523 0.066623 113 MPNN_Structure2Vec
0.045469 0.029324 0.016144 0.156206 0.097141 0.059065 0.166551 0.101773 0.064778 114 MPNN_Structure2Vec
0.045656 0.029184 0.016472 0.157661 0.097530 0.060130 0.168195 0.102051 0.066144 115 MPNN_Structure2Vec
0.045709 0.029192 0.016517 0.157762 0.097289 0.060472 0.167774 0.101911 0.065863 116 MPNN_Structure2Vec
0.044296 0.028785 0.015511 0.155235 0.096797 0.058438 0.165276 0.101263 0.064014 117 MPNN_Structure2Vec
0.045054 0.029070 0.015983 0.158146 0.097514 0.060631 0.168018 0.102082 0.065936 118 MPNN_Structure2Vec
0.044975 0.029062 0.015913 0.157327 0.097283 0.060044 0.167016 0.101858 0.065158 119 MPNN_Structure2Vec
0.044461 0.028810 0.015651 0.156760 0.097117 0.059643 0.166570 0.101701 0.064869 120 MPNN_Structure2Vec
0.044284 0.028797 0.015487 0.155699 0.097078 0.058621 0.165843 0.101582 0.064260 121 MPNN_Structure2Vec
0.044116 0.028643 0.015473 0.156520 0.097027 0.059492 0.166465 0.101651 0.064814 122 MPNN_Structure2Vec
0.043958 0.028515 0.015443 0.156575 0.097249 0.059326 0.166657 0.101658 0.065000 123 MPNN_Structure2Vec
0.044984 0.029048 0.015936 0.155225 0.096982 0.058243 0.165495 0.101711 0.063784 124 MPNN_Structure2Vec
0.043852 0.028524 0.015329 0.156216 0.096853 0.059362 0.166045 0.101293 0.064752 125 MPNN_Structure2Vec
0.044300 0.028695 0.015605 0.157313 0.097317 0.059996 0.167057 0.101904 0.065154 126 MPNN_Structure2Vec
0.044662 0.028811 0.015851 0.157606 0.097303 0.060303 0.168153 0.102248 0.065905 127 MPNN_Structure2Vec
0.044265 0.028578 0.015687 0.156633 0.096825 0.059808 0.166542 0.101275 0.065267 128 MPNN_Structure2Vec
0.044783 0.028930 0.015852 0.155616 0.096838 0.058778 0.165321 0.101198 0.064123 129 MPNN_Structure2Vec
0.043979 0.028469 0.015510 0.155920 0.096908 0.059011 0.166153 0.101415 0.064739 130 MPNN_Structure2Vec
0.044550 0.028672 0.015878 0.158843 0.097453 0.061390 0.167900 0.101931 0.065969 131 MPNN_Structure2Vec
0.044161 0.028604 0.015557 0.155923 0.096727 0.059196 0.165869 0.101453 0.064415 132 MPNN_Structure2Vec
0.044305 0.028556 0.015749 0.158033 0.097266 0.060767 0.167671 0.101955 0.065716 133 MPNN_Structure2Vec
0.043979 0.028432 0.015548 0.156093 0.096832 0.059261 0.165105 0.101070 0.064035 134 MPNN_Structure2Vec
0.043895 0.028395 0.015499 0.156272 0.096689 0.059583 0.166114 0.101135 0.064980 135 MPNN_Structure2Vec
0.043209 0.028197 0.015012 0.157148 0.097292 0.059856 0.167193 0.101894 0.065299 136 MPNN_Structure2Vec
0.043204 0.028280 0.014924 0.157388 0.097300 0.060088 0.166930 0.101666 0.065264 137 MPNN_Structure2Vec
0.043904 0.028583 0.015320 0.156982 0.097145 0.059838 0.166527 0.101369 0.065158 138 MPNN_Structure2Vec
0.043923 0.028510 0.015413 0.158428 0.097308 0.061120 0.167635 0.101697 0.065937 139 MPNN_Structure2Vec
0.043330 0.028118 0.015213 0.156969 0.096768 0.060200 0.166800 0.101248 0.065552 140 MPNN_Structure2Vec
0.043015 0.028041 0.014974 0.157122 0.096890 0.060231 0.167109 0.101405 0.065704 141 MPNN_Structure2Vec
0.043149 0.028126 0.015022 0.157465 0.096948 0.060517 0.167133 0.101638 0.065495 142 MPNN_Structure2Vec
0.043138 0.028195 0.014943 0.156743 0.096985 0.059759 0.166446 0.101421 0.065024 143 MPNN_Structure2Vec
0.042795 0.027934 0.014861 0.156900 0.097090 0.059809 0.166734 0.101483 0.065251 144 MPNN_Structure2Vec
0.043109 0.028114 0.014995 0.156627 0.096609 0.060017 0.165998 0.100925 0.065073 145 MPNN_Structure2Vec
0.043447 0.028242 0.015205 0.156387 0.096758 0.059629 0.165320 0.100699 0.064620 146 MPNN_Structure2Vec
0.043234 0.028168 0.015065 0.157252 0.097006 0.060246 0.166927 0.101349 0.065578 147 MPNN_Structure2Vec
0.042573 0.027900 0.014673 0.157276 0.097062 0.060215 0.166987 0.101437 0.065550 148 MPNN_Structure2Vec
0.042545 0.027824 0.014721 0.157250 0.097095 0.060155 0.166748 0.101437 0.065312 149 MPNN_Structure2Vec
0.042985 0.028003 0.014982 0.156775 0.097073 0.059702 0.166409 0.101356 0.065053 150 MPNN_Structure2Vec
0.042603 0.027830 0.014773 0.156634 0.096844 0.059791 0.166423 0.101202 0.065221 151 MPNN_Structure2Vec
0.042547 0.027792 0.014755 0.156605 0.096925 0.059680 0.166034 0.101104 0.064930 152 MPNN_Structure2Vec
0.042551 0.027771 0.014780 0.156671 0.096966 0.059704 0.166310 0.101377 0.064933 153 MPNN_Structure2Vec
0.042518 0.027817 0.014702 0.157996 0.097472 0.060524 0.167166 0.101732 0.065434 154 MPNN_Structure2Vec
0.042785 0.027728 0.015057 0.155736 0.096717 0.059019 0.165564 0.100999 0.064565 155 MPNN_Structure2Vec
0.042889 0.027812 0.015077 0.157624 0.097056 0.060569 0.166506 0.101199 0.065307 156 MPNN_Structure2Vec
0.042315 0.027661 0.014654 0.156605 0.096629 0.059976 0.165831 0.100988 0.064843 157 MPNN_Structure2Vec
0.042405 0.027644 0.014761 0.158301 0.097128 0.061173 0.167673 0.101578 0.066094 158 MPNN_Structure2Vec
0.042323 0.027664 0.014660 0.157168 0.096908 0.060260 0.166636 0.101298 0.065339 159 MPNN_Structure2Vec
0.043394 0.028160 0.015234 0.157567 0.097386 0.060181 0.166437 0.101002 0.065435 160 MPNN_Structure2Vec
0.042747 0.027872 0.014876 0.156689 0.096635 0.060054 0.166490 0.101313 0.065177 161 MPNN_Structure2Vec
0.042452 0.027828 0.014624 0.157386 0.097032 0.060354 0.167258 0.101656 0.065603 162 MPNN_Structure2Vec
0.043024 0.028036 0.014989 0.156301 0.096868 0.059433 0.165134 0.100906 0.064228 163 MPNN_Structure2Vec
0.042268 0.027634 0.014634 0.156975 0.097175 0.059799 0.165944 0.101193 0.064752 164 MPNN_Structure2Vec
0.042176 0.027697 0.014479 0.156218 0.096610 0.059608 0.166015 0.101164 0.064851 165 MPNN_Structure2Vec
0.042102 0.027585 0.014518 0.157791 0.097016 0.060774 0.167127 0.101493 0.065634 166 MPNN_Structure2Vec
0.042259 0.027608 0.014651 0.157794 0.097259 0.060535 0.167119 0.101550 0.065569 167 MPNN_Structure2Vec
0.042011 0.027457 0.014555 0.157034 0.096961 0.060073 0.166070 0.101064 0.065006 168 MPNN_Structure2Vec
0.041991 0.027485 0.014506 0.157375 0.096878 0.060497 0.166654 0.101233 0.065421 169 MPNN_Structure2Vec
0.041900 0.027420 0.014479 0.157588 0.097150 0.060438 0.166467 0.101310 0.065158 170 MPNN_Structure2Vec
0.041766 0.027393 0.014373 0.157988 0.097135 0.060853 0.166045 0.100728 0.065317 171 MPNN_Structure2Vec
0.042307 0.027639 0.014668 0.156535 0.096635 0.059900 0.165772 0.100930 0.064842 172 MPNN_Structure2Vec
0.041955 0.027366 0.014590 0.157452 0.096994 0.060458 0.166794 0.101210 0.065584 173 MPNN_Structure2Vec
0.042505 0.027623 0.014883 0.157959 0.097405 0.060554 0.166836 0.101514 0.065322 174 MPNN_Structure2Vec
0.042372 0.027575 0.014797 0.156625 0.096715 0.059909 0.166057 0.101018 0.065039 175 MPNN_Structure2Vec
0.041764 0.027364 0.014401 0.157888 0.097085 0.060803 0.166780 0.101291 0.065489 176 MPNN_Structure2Vec
0.041627 0.027284 0.014343 0.157513 0.097037 0.060476 0.166528 0.101150 0.065378 177 MPNN_Structure2Vec
0.041826 0.027370 0.014456 0.156898 0.096975 0.059923 0.166247 0.101174 0.065073 178 MPNN_Structure2Vec
0.041608 0.027341 0.014267 0.157129 0.096994 0.060135 0.166148 0.101119 0.065029 179 MPNN_Structure2Vec
0.041483 0.027257 0.014227 0.157915 0.097139 0.060776 0.166753 0.101277 0.065475 180 MPNN_Structure2Vec
0.041490 0.027300 0.014191 0.157906 0.097182 0.060724 0.166959 0.101281 0.065677 181 MPNN_Structure2Vec
0.041754 0.027331 0.014423 0.157637 0.097190 0.060448 0.166565 0.101193 0.065372 182 MPNN_Structure2Vec
0.041805 0.027375 0.014430 0.156584 0.096761 0.059823 0.166316 0.101137 0.065179 183 MPNN_Structure2Vec
0.041862 0.027418 0.014444 0.157455 0.096910 0.060544 0.166112 0.100819 0.065293 184 MPNN_Structure2Vec
0.042248 0.027553 0.014695 0.157908 0.097129 0.060779 0.166614 0.101313 0.065301 185 MPNN_Structure2Vec
0.041878 0.027457 0.014420 0.157477 0.097006 0.060471 0.166605 0.101135 0.065470 186 MPNN_Structure2Vec
0.041484 0.027198 0.014286 0.157784 0.097088 0.060696 0.166643 0.101261 0.065381 187 MPNN_Structure2Vec
0.041742 0.027283 0.014458 0.157893 0.096968 0.060925 0.166929 0.101126 0.065804 188 MPNN_Structure2Vec
0.041584 0.027242 0.014341 0.157676 0.097006 0.060671 0.166472 0.101050 0.065422 189 MPNN_Structure2Vec
0.041380 0.027163 0.014216 0.157660 0.097038 0.060622 0.166622 0.101208 0.065414 190 MPNN_Structure2Vec
0.041243 0.027126 0.014118 0.157242 0.096915 0.060327 0.166207 0.101073 0.065134 191 MPNN_Structure2Vec
0.041277 0.027150 0.014127 0.157406 0.096890 0.060516 0.165915 0.100890 0.065025 192 MPNN_Structure2Vec
0.041415 0.027204 0.014211 0.156986 0.096764 0.060222 0.165764 0.100782 0.064982 193 MPNN_Structure2Vec
0.041461 0.027217 0.014243 0.156928 0.096866 0.060062 0.166143 0.101095 0.065049 194 MPNN_Structure2Vec
0.041302 0.027144 0.014158 0.157793 0.097066 0.060727 0.166554 0.101096 0.065458 195 MPNN_Structure2Vec
0.041363 0.027134 0.014230 0.158102 0.097053 0.061049 0.166862 0.101188 0.065674 196 MPNN_Structure2Vec
0.041282 0.027174 0.014107 0.157753 0.096893 0.060860 0.166277 0.100887 0.065390 197 MPNN_Structure2Vec
0.041450 0.027222 0.014228 0.157652 0.096944 0.060708 0.166737 0.101063 0.065674 198 MPNN_Structure2Vec
0.041312 0.027126 0.014185 0.158034 0.097194 0.060840 0.166797 0.101337 0.065459 199 MPNN_Structure2Vec
0.041173 0.027091 0.014082 0.157857 0.097064 0.060793 0.166906 0.101233 0.065673 200 MPNN_Structure2Vec
0.041135 0.027111 0.014024 0.157959 0.097067 0.060892 0.166605 0.101207 0.065398 201 MPNN_Structure2Vec
0.041334 0.027123 0.014211 0.157250 0.096830 0.060420 0.166250 0.100977 0.065273 202 MPNN_Structure2Vec
0.041290 0.027181 0.014109 0.156627 0.096671 0.059956 0.165743 0.100828 0.064914 203 MPNN_Structure2Vec
0.041175 0.027090 0.014085 0.157952 0.097068 0.060884 0.166846 0.101256 0.065590 204 MPNN_Structure2Vec
0.041377 0.027154 0.014223 0.158107 0.097001 0.061107 0.166762 0.101174 0.065588 205 MPNN_Structure2Vec
0.041198 0.027061 0.014138 0.157276 0.097055 0.060221 0.166398 0.101076 0.065322 206 MPNN_Structure2Vec
0.041231 0.027046 0.014185 0.157589 0.096927 0.060661 0.166710 0.101117 0.065593 207 MPNN_Structure2Vec
0.041075 0.027014 0.014061 0.157474 0.096976 0.060498 0.166516 0.101106 0.065409 208 MPNN_Structure2Vec
0.041281 0.027099 0.014182 0.157376 0.096798 0.060578 0.165745 0.100594 0.065151 209 MPNN_Structure2Vec
0.041186 0.027030 0.014156 0.157491 0.096966 0.060525 0.166360 0.101117 0.065242 210 MPNN_Structure2Vec
0.041138 0.027064 0.014075 0.157508 0.096912 0.060596 0.166223 0.100939 0.065283 211 MPNN_Structure2Vec
0.041389 0.027131 0.014258 0.157780 0.097114 0.060666 0.166530 0.101141 0.065389 212 MPNN_Structure2Vec
0.041309 0.027084 0.014225 0.157837 0.097051 0.060785 0.166539 0.101136 0.065403 213 MPNN_Structure2Vec
0.040968 0.026973 0.013996 0.157631 0.096914 0.060717 0.166183 0.101006 0.065177 214 MPNN_Structure2Vec
0.041055 0.027042 0.014013 0.158081 0.097193 0.060887 0.165493 0.100805 0.064687 215 MPNN_Structure2Vec
0.041108 0.026963 0.014145 0.157610 0.097007 0.060603 0.166673 0.101171 0.065502 216 MPNN_Structure2Vec
0.041017 0.026955 0.014061 0.157629 0.096920 0.060709 0.166721 0.101007 0.065715 217 MPNN_Structure2Vec
0.041098 0.027020 0.014079 0.158116 0.097081 0.061035 0.166836 0.101242 0.065594 218 MPNN_Structure2Vec
0.040932 0.026928 0.014004 0.158167 0.097086 0.061082 0.166870 0.101221 0.065648 219 MPNN_Structure2Vec
0.040891 0.026921 0.013970 0.157663 0.096871 0.060792 0.166261 0.101022 0.065239 220 MPNN_Structure2Vec
0.040965 0.026977 0.013988 0.157101 0.096783 0.060319 0.165827 0.100857 0.064971 221 MPNN_Structure2Vec
0.040891 0.026929 0.013961 0.157589 0.096991 0.060598 0.166199 0.101062 0.065138 222 MPNN_Structure2Vec
0.040882 0.026952 0.013931 0.157312 0.096792 0.060519 0.166209 0.100904 0.065304 223 MPNN_Structure2Vec
0.040840 0.026898 0.013942 0.157582 0.096941 0.060641 0.166327 0.101091 0.065236 224 MPNN_Structure2Vec
0.040777 0.026856 0.013922 0.157824 0.097018 0.060805 0.166606 0.101106 0.065499 225 MPNN_Structure2Vec
0.040963 0.026943 0.014020 0.157409 0.096812 0.060597 0.166326 0.100974 0.065352 226 MPNN_Structure2Vec
0.040865 0.026877 0.013988 0.157558 0.096872 0.060687 0.166271 0.101033 0.065238 227 MPNN_Structure2Vec
0.040787 0.026847 0.013941 0.157396 0.096843 0.060553 0.166182 0.100985 0.065197 228 MPNN_Structure2Vec
0.040849 0.026872 0.013977 0.157390 0.096821 0.060569 0.166266 0.100956 0.065310 229 MPNN_Structure2Vec
0.040793 0.026877 0.013916 0.157395 0.096912 0.060483 0.166115 0.100968 0.065147 230 MPNN_Structure2Vec
0.040793 0.026856 0.013937 0.157729 0.096974 0.060755 0.166242 0.101034 0.065208 231 MPNN_Structure2Vec
0.040751 0.026821 0.013930 0.157420 0.096932 0.060488 0.165978 0.100986 0.064993 232 MPNN_Structure2Vec
0.040699 0.026814 0.013885 0.157870 0.097042 0.060829 0.166616 0.101164 0.065451 233 MPNN_Structure2Vec
0.040766 0.026840 0.013926 0.157907 0.097006 0.060901 0.166507 0.101073 0.065433 234 MPNN_Structure2Vec